[2, 3, 6, 8, 30]=49
[2, 6, 9, 23, 26]=66
[1, 12, 13, 15, 26]=67
[1, 2, 5, 15, 45]=68
[1, 4, 5, 22, 39]=71
[1, 6, 7, 16, 44]=74
[1, 8, 14, 17, 38]=78
[1, 5, 8, 23, 41]=78
[1, 9, 11, 19, 41]=81
[4, 13, 15, 22, 27]=81
[7, 13, 17, 22, 24]=83
[1, 8, 15, 22, 37]=83
[6, 14, 18, 21, 25]=84
[2, 5, 8, 19, 51]=85
[5, 7, 14, 20, 40]=86
[2, 4, 17, 25, 41]=89
[2, 8, 11, 16, 53]=90
[3, 8, 20, 21, 38]=90
[5, 9, 22, 25, 31]=92
[3, 8, 16, 29, 36]=92
[5, 8, 21, 25, 33]=92
[3, 7, 8, 16, 59]=93
[9, 12, 14, 17, 41]=93
[2, 17, 20, 22, 33]=94
[4, 7, 24, 29, 30]=94
[7, 10, 14, 17, 47]=95
[3, 5, 19, 20, 48]=95
[8, 11, 13, 21, 43]=96
[4, 18, 21, 24, 29]=96
[1, 3, 15, 37, 40]=96
[5, 10, 15, 28, 39]=97
[1, 6, 20, 33, 38]=98
[1, 11, 13, 21, 52]=98
[1, 9, 20, 27, 41]=98
[1, 11, 19, 31, 37]=99
[2, 7, 20, 27, 43]=99
[3, 11, 12, 20, 53]=99
[1, 7, 14, 35, 43]=100
[3, 12, 20, 29, 36]=100
[1, 19, 20, 27, 34]=101
[1, 3, 10, 25, 62]=101
[1, 6, 25, 29, 41]=102
[3, 12, 22, 29, 36]=102
[11, 13, 20, 22, 36]=102
[6, 12, 16, 27, 41]=102
[3, 7, 13, 21, 59]=103
[13, 16, 21, 23, 30]=103
[13, 15, 17, 23, 37]=105
[8, 14, 19, 30, 34]=105
[2, 9, 11, 37, 46]=105
[2, 8, 16, 34, 45]=105
[10, 13, 15, 31, 38]=107
[6, 12, 14, 30, 45]=107
[6, 7, 16, 27, 51]=107
[6, 16, 18, 23, 45]=108
[1, 5, 25, 37, 40]=108
[8, 10, 22, 32, 36]=108
[9, 14, 15, 26, 45]=109
[7, 10, 18, 33, 41]=109
[2, 4, 17, 25, 61]=109
[7, 8, 10, 15, 69]=109
[2, 14, 30, 32, 33]=111
[1, 8, 33, 34, 35]=111
[2, 15, 25, 32, 37]=111
[9, 11, 18, 24, 51]=113
[4, 9, 11, 37, 53]=114
[3, 15, 21, 22, 53]=114
[7, 8, 15, 23, 61]=114
[13, 14, 23, 25, 39]=114
[13, 14, 16, 29, 43]=115
[3, 21, 28, 30, 33]=115
[9, 20, 22, 27, 37]=115
[1, 6, 27, 28, 54]=116
[8, 9, 19, 37, 43]=116
[6, 22, 26, 28, 34]=116
[7, 8, 19, 29, 53]=116
[7, 8, 10, 22, 69]=116
[1, 4, 18, 46, 47]=116
[10, 17, 19, 23, 47]=116
[3, 17, 20, 37, 40]=117
[2, 8, 18, 25, 65]=118
[3, 7, 19, 39, 50]=118
[5, 12, 15, 17, 69]=118
[1, 3, 11, 19, 84]=118
[3, 13, 24, 35, 43]=118
[4, 9, 18, 25, 63]=119
[1, 5, 11, 40, 62]=119
[7, 8, 23, 33, 48]=119
[1, 2, 9, 47, 60]=119
[4, 6, 20, 23, 66]=119
[2, 5, 17, 24, 72]=120
[6, 15, 22, 33, 44]=120
[15, 18, 19, 29, 39]=120
[3, 10, 14, 30, 63]=120
[1, 10, 28, 31, 50]=120
[1, 3, 21, 43, 52]=120
[4, 7, 19, 25, 65]=120
[7, 14, 19, 37, 44]=121
[6, 7, 15, 16, 77]=121
[5, 8, 27, 32, 49]=121
[6, 11, 15, 38, 51]=121
[2, 7, 12, 25, 76]=122
[3, 10, 15, 24, 70]=122
[4, 15, 23, 29, 51]=122
[2, 9, 10, 19, 82]=122
[3, 9, 15, 32, 63]=122
[9, 12, 32, 34, 35]=122
[4, 20, 24, 36, 39]=123
[2, 6, 19, 44, 52]=123
[3, 9, 26, 38, 47]=123
[4, 8, 12, 30, 69]=123
[8, 9, 19, 26, 61]=123
[3, 9, 11, 29, 71]=123
[4, 8, 19, 36, 56]=123
[3, 7, 14, 48, 51]=123
[6, 8, 22, 23, 64]=123
[4, 6, 10, 45, 59]=124
[4, 14, 27, 38, 41]=124
[12, 19, 27, 31, 35]=124
[1, 10, 12, 31, 70]=124
[1, 10, 17, 24, 73]=125
[7, 9, 14, 15, 80]=125
[1, 9, 19, 23, 73]=125
[1, 7, 16, 41, 60]=125
[1, 6, 23, 46, 50]=126
[4, 22, 32, 33, 35]=126
[3, 4, 25, 29, 65]=126
[13, 15, 16, 28, 54]=126
[2, 4, 28, 37, 55]=126
[1, 6, 14, 18, 88]=127
[6, 12, 15, 41, 53]=127
[3, 8, 22, 39, 55]=127
[7, 15, 24, 38, 43]=127
[1, 12, 16, 43, 56]=128
[10, 18, 26, 36, 38]=128
[4, 9, 13, 32, 70]=128
[2, 23, 26, 27, 50]=128
[10, 14, 28, 35, 41]=128
[11, 14, 18, 31, 54]=128
[1, 5, 31, 34, 57]=128
[3, 10, 12, 15, 89]=129
[2, 14, 24, 36, 54]=130
[13, 15, 30, 31, 41]=130
[14, 17, 21, 28, 50]=130
[3, 4, 22, 29, 72]=130
[8, 20, 29, 31, 42]=130
[2, 13, 20, 29, 66]=130
[14, 20, 29, 33, 34]=130
[1, 5, 34, 45, 46]=131
[10, 16, 29, 34, 42]=131
[11, 13, 22, 38, 47]=131
[9, 12, 13, 46, 51]=131
[3, 18, 20, 41, 49]=131
[8, 14, 24, 32, 54]=132
[1, 6, 27, 40, 58]=132
[3, 10, 27, 36, 56]=132
[1, 20, 29, 35, 47]=132
[5, 18, 27, 39, 43]=132
[12, 16, 20, 37, 47]=132
[6, 7, 16, 25, 78]=132
[3, 10, 36, 40, 43]=132
[5, 23, 33, 34, 37]=132
[10, 11, 29, 35, 48]=133
[2, 5, 17, 36, 73]=133
[4, 6, 23, 35, 65]=133
[3, 14, 36, 38, 42]=133
[6, 23, 27, 35, 42]=133
[17, 22, 27, 30, 37]=133
[3, 12, 14, 51, 53]=133
[1, 15, 33, 35, 49]=133
[20, 22, 24, 25, 42]=133
[1, 9, 17, 18, 89]=134
[4, 21, 30, 34, 45]=134
[10, 13, 17, 25, 69]=134
[10, 16, 22, 25, 61]=134
[2, 22, 33, 37, 40]=134
[6, 8, 26, 44, 50]=134
[15, 24, 27, 29, 40]=135
[2, 13, 15, 36, 69]=135
[4, 14, 21, 24, 72]=135
[1, 7, 28, 34, 65]=135
[3, 18, 22, 32, 61]=136
[8, 12, 32, 37, 47]=136
[4, 8, 22, 27, 75]=136
[3, 26, 27, 31, 49]=136
[2, 11, 25, 32, 67]=137
[8, 10, 14, 30, 75]=137
[2, 14, 17, 29, 75]=137
[6, 11, 19, 25, 76]=137
[13, 18, 26, 34, 46]=137
[4, 6, 31, 41, 56]=138
[10, 18, 20, 24, 66]=138
[3, 14, 29, 33, 59]=138
[3, 15, 17, 29, 74]=138
[3, 8, 26, 36, 65]=138
[3, 9, 21, 29, 76]=138
[5, 19, 23, 25, 67]=139
[3, 11, 16, 22, 87]=139
[1, 6, 18, 35, 79]=139
[2, 8, 37, 38, 54]=139
[3, 4, 11, 53, 68]=139
[3, 12, 32, 40, 52]=139
[1, 15, 34, 36, 53]=139
[12, 20, 29, 38, 40]=139
[3, 13, 30, 45, 49]=140
[2, 5, 24, 48, 61]=140
[8, 11, 25, 34, 62]=140
[10, 15, 29, 39, 47]=140
[3, 8, 23, 51, 56]=141
[3, 7, 32, 41, 58]=141
[13, 26, 27, 30, 45]=141
[1, 17, 20, 37, 66]=141
[10, 21, 23, 41, 46]=141
[4, 18, 22, 39, 58]=141
[6, 25, 30, 32, 48]=141
[2, 8, 38, 44, 50]=142
[9, 11, 14, 19, 89]=142
[3, 8, 20, 32, 79]=142
[7, 15, 30, 40, 50]=142
[1, 5, 12, 35, 89]=142
[2, 13, 21, 36, 70]=142
[7, 14, 18, 40, 63]=142
[1, 7, 10, 35, 89]=142
[6, 13, 34, 39, 51]=143
[3, 20, 27, 42, 51]=143
[1, 11, 21, 29, 81]=143
[10, 16, 25, 36, 56]=143
[1, 13, 35, 41, 53]=143
[2, 19, 26, 28, 68]=143
[11, 18, 22, 36, 56]=143
[3, 18, 29, 33, 60]=143
[6, 7, 10, 50, 70]=143
[6, 7, 9, 33, 88]=143
[9, 10, 22, 36, 66]=143
[7, 9, 19, 42, 66]=143
[9, 13, 16, 39, 67]=144
[4, 10, 37, 42, 51]=144
[3, 21, 35, 40, 45]=144
[7, 14, 27, 45, 51]=144
[1, 8, 39, 44, 52]=144
[7, 19, 20, 46, 52]=144
[3, 6, 40, 47, 48]=144
[2, 13, 30, 40, 59]=144
[7, 8, 25, 29, 76]=145
[4, 20, 28, 40, 53]=145
[1, 6, 8, 59, 71]=145
[11, 20, 27, 32, 55]=145
[7, 8, 11, 29, 90]=145
[12, 26, 28, 35, 44]=145
[11, 15, 16, 38, 65]=145
[4, 12, 25, 38, 66]=145
[21, 23, 26, 37, 38]=145
[13, 21, 32, 38, 41]=145
[1, 7, 17, 40, 81]=146
[5, 9, 35, 36, 61]=146
[10, 11, 18, 22, 85]=146
[1, 24, 29, 36, 56]=146
[1, 15, 35, 46, 49]=146
[6, 22, 28, 42, 49]=147
[9, 11, 32, 40, 55]=147
[5, 10, 23, 51, 58]=147
[1, 13, 33, 46, 54]=147
[5, 13, 21, 27, 81]=147
[2, 9, 28, 30, 78]=147
[4, 11, 31, 37, 64]=147
[2, 5, 20, 42, 78]=147
[7, 11, 29, 49, 51]=147
[9, 13, 17, 19, 89]=147
[7, 8, 17, 50, 65]=147
[3, 26, 28, 42, 49]=148
[9, 13, 29, 33, 64]=148
[1, 12, 22, 48, 65]=148
[12, 18, 30, 42, 46]=148
[1, 29, 31, 40, 47]=148
[7, 17, 19, 29, 76]=148
[16, 18, 24, 40, 50]=148
[1, 2, 28, 57, 60]=148
[15, 16, 25, 42, 50]=148
[6, 10, 18, 28, 86]=148
[1, 4, 26, 46, 71]=148
[7, 12, 24, 30, 75]=148
[7, 25, 34, 37, 46]=149
[1, 23, 24, 39, 62]=149
[9, 14, 27, 30, 69]=149
[18, 20, 24, 35, 52]=149
[1, 15, 25, 46, 63]=150
[15, 20, 22, 28, 65]=150
[4, 16, 22, 39, 69]=150
[3, 11, 24, 35, 77]=150
[13, 21, 25, 41, 50]=150
[2, 13, 17, 43, 75]=150
[19, 23, 25, 32, 51]=150
[4, 8, 35, 42, 61]=150
[2, 14, 31, 47, 56]=150
[13, 17, 33, 43, 44]=150
[7, 10, 18, 47, 68]=150
[4, 7, 19, 58, 63]=151
[10, 12, 22, 39, 68]=151
[1, 7, 30, 44, 69]=151
[9, 12, 15, 49, 66]=151
[5, 8, 44, 45, 49]=151
[17, 22, 24, 29, 59]=151
[12, 15, 25, 38, 61]=151
[6, 9, 31, 35, 70]=151
[1, 6, 27, 49, 68]=151
[2, 15, 18, 44, 72]=151
[7, 8, 22, 39, 75]=151
[1, 5, 13, 55, 78]=152
[3, 19, 27, 28, 75]=152
[4, 6, 44, 45, 53]=152
[3, 7, 16, 42, 84]=152
[6, 23, 27, 37, 59]=152
[1, 8, 17, 50, 77]=153
[2, 6, 34, 35, 76]=153
[1, 2, 18, 58, 74]=153
[6, 28, 33, 41, 45]=153
[4, 7, 31, 54, 57]=153
[7, 23, 27, 35, 61]=153
[6, 16, 26, 39, 66]=153
[11, 23, 24, 31, 64]=153
[7, 10, 15, 46, 75]=153
[3, 9, 26, 40, 75]=153
[2, 3, 20, 62, 66]=153
[2, 12, 26, 42, 71]=153
[5, 19, 26, 43, 60]=153
[1, 3, 35, 42, 72]=153
[1, 15, 43, 44, 51]=154
[4, 17, 19, 53, 61]=154
[8, 27, 28, 33, 58]=154
[2, 32, 36, 41, 43]=154
[9, 10, 15, 34, 86]=154
[3, 13, 28, 38, 72]=154
[4, 15, 29, 38, 68]=154
[4, 10, 19, 42, 79]=154
[14, 19, 27, 37, 57]=154
[12, 19, 20, 43, 61]=155
[1, 3, 23, 58, 70]=155
[13, 17, 19, 46, 60]=155
[6, 15, 23, 43, 68]=155
[3, 16, 31, 52, 53]=155
[5, 14, 36, 46, 54]=155
[3, 32, 33, 38, 49]=155
[4, 14, 19, 46, 72]=155
[11, 20, 34, 42, 48]=155
[11, 12, 23, 32, 77]=155
[5, 6, 25, 56, 63]=155
[18, 25, 27, 34, 51]=155
[17, 24, 34, 35, 45]=155
[8, 12, 24, 26, 85]=155
[13, 25, 35, 39, 44]=156
[1, 20, 26, 54, 55]=156
[5, 16, 30, 50, 55]=156
[1, 15, 26, 55, 59]=156
[1, 4, 8, 69, 74]=156
[16, 27, 33, 34, 46]=156
[5, 25, 35, 39, 52]=156
[4, 19, 21, 49, 63]=156
[9, 10, 13, 60, 64]=156
[16, 17, 27, 41, 55]=156
[8, 13, 20, 26, 89]=156
[12, 15, 27, 40, 62]=156
[3, 7, 30, 33, 83]=156
[2, 9, 19, 62, 64]=156
[3, 11, 27, 38, 77]=156
[11, 13, 18, 39, 76]=157
[12, 13, 19, 28, 85]=157
[9, 18, 21, 52, 57]=157
[4, 17, 23, 47, 66]=157
[4, 18, 30, 51, 54]=157
[16, 22, 26, 29, 64]=157
[6, 14, 37, 46, 54]=157
[10, 15, 24, 43, 65]=157
[10, 15, 35, 41, 56]=157
[9, 20, 23, 52, 53]=157
[4, 27, 30, 41, 56]=158
[3, 28, 37, 44, 46]=158
[5, 19, 21, 44, 69]=158
[18, 27, 31, 38, 44]=158
[7, 9, 22, 56, 64]=158
[1, 17, 19, 55, 66]=158
[1, 6, 15, 58, 78]=158
[1, 9, 37, 54, 57]=158
[5, 25, 35, 36, 57]=158
[4, 8, 25, 57, 65]=159
[1, 4, 31, 40, 83]=159
[7, 19, 23, 44, 66]=159
[12, 23, 30, 33, 61]=159
[4, 21, 25, 34, 75]=159
[10, 11, 21, 54, 63]=159
[6, 20, 40, 46, 47]=159
[9, 27, 33, 40, 50]=159
[3, 17, 18, 33, 88]=159
[7, 18, 19, 54, 61]=159
[6, 10, 36, 51, 56]=159
[6, 22, 26, 50, 55]=159
[12, 29, 37, 40, 41]=159
[1, 2, 47, 53, 56]=159
[2, 3, 35, 41, 79]=160
[16, 22, 28, 40, 54]=160
[1, 2, 16, 51, 90]=160
[3, 11, 28, 43, 75]=160
[5, 24, 30, 44, 57]=160
[1, 5, 22, 44, 88]=160
[8, 21, 27, 46, 58]=160
[4, 11, 15, 64, 66]=160
[19, 22, 26, 28, 65]=160
[3, 10, 28, 31, 88]=160
[2, 14, 30, 51, 63]=160
[7, 8, 15, 50, 80]=160
[5, 32, 36, 38, 49]=160
[4, 10, 21, 45, 81]=161
[4, 12, 16, 39, 90]=161
[1, 4, 40, 49, 67]=161
[11, 12, 31, 49, 58]=161
[18, 20, 30, 42, 51]=161
[13, 17, 42, 43, 46]=161
[4, 19, 38, 40, 60]=161
[5, 12, 31, 53, 60]=161
[8, 9, 32, 49, 63]=161
[3, 21, 29, 34, 74]=161
[20, 21, 25, 39, 57]=162
[12, 18, 25, 40, 67]=162
[14, 16, 28, 46, 58]=162
[8, 11, 17, 45, 81]=162
[11, 16, 34, 42, 59]=162
[6, 11, 29, 35, 81]=162
[2, 27, 35, 39, 59]=162
[14, 25, 28, 43, 52]=162
[21, 29, 34, 35, 43]=162
[4, 6, 47, 49, 56]=162
[1, 9, 34, 52, 66]=162
[13, 17, 18, 47, 67]=162
[4, 15, 22, 35, 86]=162
[3, 13, 15, 56, 75]=162
[3, 16, 19, 57, 67]=162
[10, 12, 27, 29, 84]=162
[5, 12, 32, 47, 66]=162
[3, 11, 27, 39, 82]=162
[9, 19, 24, 32, 78]=162
[2, 10, 39, 44, 68]=163
[26, 31, 33, 36, 37]=163
[15, 22, 28, 41, 57]=163
[2, 16, 36, 37, 72]=163
[5, 13, 14, 63, 68]=163
[4, 15, 18, 61, 65]=163
[3, 4, 34, 45, 77]=163
[13, 24, 27, 30, 69]=163
[5, 7, 12, 65, 74]=163
[7, 14, 15, 45, 82]=163
[9, 13, 24, 54, 63]=163
[12, 25, 30, 46, 51]=164
[2, 18, 43, 48, 53]=164
[6, 16, 26, 42, 74]=164
[2, 12, 22, 60, 68]=164
[5, 8, 13, 48, 90]=164
[6, 12, 32, 34, 80]=164
[4, 6, 23, 42, 89]=164
[4, 14, 22, 38, 86]=164
[16, 26, 28, 46, 49]=165
[15, 20, 37, 42, 51]=165
[7, 12, 18, 38, 90]=165
[1, 9, 34, 35, 86]=165
[15, 26, 27, 31, 66]=165
[3, 36, 39, 42, 45]=165
[8, 11, 36, 39, 71]=165
[3, 11, 42, 53, 56]=165
[6, 20, 26, 47, 66]=165
[1, 17, 23, 59, 65]=165
[12, 22, 29, 33, 69]=165
[13, 14, 21, 34, 84]=166
[5, 20, 22, 49, 70]=166
[8, 13, 39, 43, 63]=166
[2, 18, 32, 55, 59]=166
[2, 15, 32, 42, 75]=166
[10, 16, 27, 43, 70]=166
[1, 18, 35, 54, 58]=166
[6, 21, 26, 56, 57]=166
[4, 5, 28, 41, 88]=166
[1, 3, 44, 49, 69]=166
[4, 10, 28, 47, 77]=166
[11, 24, 25, 34, 72]=166
[10, 23, 26, 45, 62]=166
[4, 12, 31, 59, 61]=167
[21, 23, 29, 46, 48]=167
[18, 28, 29, 33, 59]=167
[6, 26, 27, 33, 75]=167
[18, 22, 29, 47, 51]=167
[2, 32, 36, 39, 58]=167
[3, 20, 34, 39, 71]=167
[8, 13, 18, 54, 74]=167
[8, 14, 43, 48, 54]=167
[13, 23, 38, 45, 48]=167
[4, 8, 23, 47, 85]=167
[7, 10, 34, 42, 74]=167
[23, 28, 30, 41, 45]=167
[4, 16, 37, 41, 69]=167
[4, 5, 42, 52, 64]=167
[1, 25, 26, 50, 66]=168
[2, 5, 37, 57, 67]=168
[1, 15, 22, 50, 80]=168
[9, 12, 36, 51, 60]=168
[10, 13, 28, 52, 65]=168
[17, 18, 33, 41, 59]=168
[7, 12, 38, 54, 57]=168
[10, 12, 18, 51, 77]=168
[1, 18, 28, 33, 88]=168
[2, 26, 34, 46, 60]=168
[7, 25, 28, 39, 69]=168
[11, 15, 26, 39, 78]=169
[10, 25, 38, 46, 50]=169
[2, 3, 32, 59, 73]=169
[5, 14, 15, 56, 79]=169
[14, 16, 32, 53, 54]=169
[12, 26, 36, 46, 49]=169
[3, 5, 13, 60, 88]=169
[8, 24, 32, 45, 60]=169
[10, 22, 27, 28, 82]=169
[6, 12, 26, 45, 80]=169
[3, 5, 36, 55, 70]=169
[8, 10, 25, 40, 86]=169
[2, 31, 35, 47, 54]=169
[11, 21, 38, 49, 50]=169
[14, 16, 21, 34, 84]=169
[9, 20, 23, 55, 62]=169
[10, 11, 13, 56, 79]=169
[1, 25, 46, 48, 49]=169
[4, 9, 23, 50, 83]=169
[14, 15, 25, 56, 59]=169
[4, 10, 24, 55, 77]=170
[3, 5, 13, 62, 87]=170
[1, 23, 37, 49, 60]=170
[3, 35, 37, 43, 52]=170
[9, 12, 35, 56, 58]=170
[7, 11, 16, 50, 86]=170
[6, 15, 36, 38, 75]=170
[5, 17, 32, 35, 81]=170
[5, 16, 26, 50, 73]=170
[13, 24, 27, 31, 75]=170
[1, 22, 28, 45, 74]=170
[15, 30, 34, 44, 47]=170
[1, 14, 17, 54, 84]=170
[13, 19, 35, 37, 66]=170
[6, 30, 34, 36, 64]=170
[2, 14, 36, 42, 76]=170
[7, 12, 32, 38, 82]=171
[10, 14, 25, 51, 71]=171
[4, 9, 29, 64, 65]=171
[3, 16, 45, 46, 61]=171
[3, 19, 28, 57, 64]=171
[2, 33, 38, 39, 59]=171
[12, 28, 35, 41, 55]=171
[15, 18, 42, 43, 53]=171
[8, 22, 32, 50, 59]=171
[3, 15, 32, 34, 87]=171
[11, 13, 22, 60, 65]=171
[9, 12, 22, 40, 88]=171
[15, 24, 32, 33, 67]=171
[4, 16, 28, 61, 62]=171
[17, 26, 34, 45, 49]=171
[6, 9, 21, 60, 75]=171
[3, 12, 29, 50, 77]=171
[11, 33, 35, 38, 54]=171
[1, 3, 25, 69, 73]=171
[11, 15, 19, 57, 69]=171
[1, 19, 30, 39, 82]=171
[17, 24, 38, 39, 53]=171
[5, 27, 45, 46, 48]=171
[3, 16, 27, 45, 81]=172
[3, 26, 31, 46, 66]=172
[2, 12, 23, 57, 78]=172
[1, 4, 40, 57, 70]=172
[1, 19, 34, 51, 67]=172
[1, 17, 37, 49, 68]=172
[4, 10, 20, 59, 79]=172
[10, 20, 22, 48, 72]=172
[11, 13, 48, 49, 51]=172
[3, 19, 32, 49, 69]=172
[1, 11, 33, 51, 76]=172
[6, 10, 42, 48, 66]=172
[23, 27, 37, 38, 47]=172
[16, 35, 39, 40, 42]=172
[6, 7, 46, 56, 57]=172
[8, 12, 34, 37, 81]=172
[12, 19, 35, 42, 64]=172
[4, 14, 27, 63, 65]=173
[10, 32, 42, 43, 46]=173
[4, 15, 46, 49, 59]=173
[15, 20, 25, 47, 66]=173
[10, 12, 25, 41, 85]=173
[2, 26, 36, 37, 72]=173
[13, 18, 23, 43, 76]=173
[6, 14, 39, 50, 64]=173
[1, 4, 6, 79, 83]=173
[6, 16, 25, 42, 84]=173
[4, 8, 15, 64, 82]=173
[13, 19, 20, 58, 63]=173
[11, 25, 35, 45, 57]=173
[13, 15, 29, 52, 64]=173
[3, 19, 29, 49, 73]=173
[13, 15, 31, 32, 82]=173
[7, 9, 19, 49, 89]=173
[4, 10, 39, 44, 76]=173
[20, 21, 29, 36, 67]=173
[9, 14, 21, 59, 70]=173
[20, 21, 24, 37, 71]=173
[2, 24, 26, 34, 88]=174
[15, 17, 37, 48, 57]=174
[2, 3, 24, 58, 87]=174
[2, 15, 36, 48, 73]=174
[9, 28, 33, 42, 62]=174
[12, 19, 27, 37, 79]=174
[2, 15, 49, 52, 56]=174
[16, 18, 29, 49, 62]=174
[18, 19, 27, 54, 56]=174
[11, 23, 37, 39, 64]=174
[11, 14, 31, 51, 67]=174
[15, 19, 29, 47, 64]=174
[13, 17, 28, 50, 66]=174
[17, 18, 40, 42, 58]=175
[1, 32, 33, 40, 69]=175
[15, 29, 37, 39, 55]=175
[11, 15, 31, 41, 77]=175
[8, 28, 30, 31, 78]=175
[8, 16, 17, 48, 86]=175
[8, 35, 38, 44, 50]=175
[13, 21, 26, 44, 71]=175
[2, 3, 43, 47, 80]=175
[1, 20, 46, 53, 55]=175
[11, 13, 40, 55, 56]=175
[7, 12, 27, 41, 88]=175
[2, 10, 41, 60, 62]=175
[1, 2, 33, 51, 88]=175
[5, 19, 26, 62, 64]=176
[9, 14, 21, 55, 77]=176
[8, 17, 35, 49, 67]=176
[1, 12, 24, 52, 87]=176
[7, 22, 24, 43, 80]=176
[4, 7, 30, 58, 77]=176
[7, 25, 29, 36, 79]=176
[1, 10, 33, 46, 86]=176
[11, 28, 35, 39, 63]=176
[4, 8, 33, 47, 84]=176
[18, 24, 27, 46, 61]=176
[14, 25, 26, 28, 83]=176
[1, 23, 27, 42, 84]=177
[3, 9, 38, 42, 85]=177
[6, 7, 40, 57, 67]=177
[13, 21, 44, 47, 52]=177
[19, 20, 30, 43, 65]=177
[11, 14, 37, 57, 58]=177
[1, 3, 38, 63, 72]=177
[21, 24, 26, 35, 71]=177
[9, 20, 21, 59, 68]=177
[2, 19, 49, 53, 54]=177
[3, 19, 35, 56, 64]=177
[1, 4, 39, 54, 79]=177
[8, 20, 47, 48, 54]=177
[24, 25, 27, 31, 70]=177
[8, 13, 46, 54, 56]=177
[10, 25, 36, 51, 55]=177
[18, 21, 31, 46, 61]=177
[7, 25, 41, 48, 56]=177
[6, 21, 25, 60, 65]=177
[6, 18, 31, 60, 62]=177
[12, 21, 24, 33, 88]=178
[15, 18, 22, 33, 90]=178
[10, 12, 13, 64, 79]=178
[1, 23, 39, 50, 65]=178
[7, 11, 15, 66, 79]=178
[12, 22, 28, 56, 60]=178
[4, 16, 22, 48, 88]=178
[1, 5, 34, 66, 72]=178
[10, 13, 28, 55, 72]=178
[2, 12, 31, 46, 87]=178
[7, 10, 26, 63, 72]=178
[11, 24, 37, 52, 54]=178
[9, 33, 39, 42, 55]=178
[20, 24, 29, 48, 57]=178
[3, 19, 38, 41, 77]=178
[13, 25, 27, 42, 71]=178
[26, 31, 35, 36, 50]=178
[1, 5, 28, 56, 88]=178
[15, 19, 36, 53, 55]=178
[17, 20, 35, 44, 62]=178
[1, 16, 35, 44, 82]=178
[11, 15, 23, 43, 87]=179
[2, 27, 28, 32, 90]=179
[1, 15, 48, 53, 62]=179
[3, 19, 41, 55, 61]=179
[14, 21, 22, 58, 64]=179
[17, 19, 29, 36, 78]=179
[3, 15, 16, 56, 89]=179
[3, 18, 19, 60, 79]=179
[16, 18, 28, 35, 82]=179
[15, 18, 27, 38, 81]=179
[4, 8, 44, 58, 65]=179
[2, 17, 29, 60, 71]=179
[5, 10, 37, 56, 71]=179
[3, 16, 26, 57, 77]=179
[12, 20, 30, 41, 77]=180
[10, 13, 26, 64, 67]=180
[2, 3, 47, 61, 67]=180
[7, 8, 24, 56, 85]=180
[14, 30, 32, 37, 67]=180
[13, 15, 28, 45, 79]=180
[1, 4, 33, 67, 75]=180
[13, 18, 38, 44, 67]=180
[7, 16, 17, 67, 73]=180
[2, 18, 39, 57, 64]=180
[4, 21, 37, 51, 67]=180
[9, 23, 27, 33, 88]=180
[4, 18, 38, 46, 74]=180
[2, 26, 41, 47, 64]=180
[3, 34, 38, 40, 65]=180
[6, 20, 28, 46, 80]=180
[16, 18, 33, 37, 76]=180
[8, 24, 28, 38, 82]=180
[7, 34, 42, 45, 52]=180
[12, 25, 31, 56, 57]=181
[1, 10, 42, 55, 73]=181
[7, 37, 40, 46, 51]=181
[2, 13, 34, 57, 75]=181
[9, 10, 18, 63, 81]=181
[9, 12, 25, 60, 75]=181
[17, 21, 34, 49, 60]=181
[8, 22, 24, 42, 85]=181
[18, 27, 37, 40, 59]=181
[15, 19, 37, 49, 61]=181
[1, 3, 43, 67, 68]=182
[6, 22, 23, 47, 84]=182
[12, 21, 33, 57, 59]=182
[20, 22, 23, 50, 67]=182
[7, 24, 25, 50, 76]=182
[1, 31, 34, 50, 66]=182
[12, 19, 46, 52, 53]=182
[3, 36, 41, 46, 56]=182
[15, 18, 31, 32, 86]=182
[3, 14, 33, 52, 80]=182
[18, 21, 27, 31, 85]=182
[6, 20, 23, 65, 68]=182
[3, 26, 30, 45, 78]=182
[9, 18, 32, 48, 75]=182
[7, 18, 24, 63, 70]=182
[12, 18, 38, 56, 58]=182
[9, 10, 36, 50, 78]=183
[20, 26, 38, 41, 58]=183
[15, 23, 34, 44, 67]=183
[4, 29, 33, 44, 73]=183
[12, 21, 42, 43, 65]=183
[7, 9, 35, 59, 73]=183
[7, 16, 20, 65, 75]=183
[6, 12, 32, 46, 87]=183
[18, 23, 32, 46, 64]=183
[10, 15, 32, 51, 75]=183
[10, 30, 42, 50, 51]=183
[15, 24, 31, 36, 77]=183
[6, 33, 43, 50, 51]=183
[2, 3, 12, 78, 88]=183
[1, 17, 36, 53, 76]=183
[7, 12, 36, 44, 84]=183
[14, 18, 27, 47, 77]=183
[1, 10, 43, 54, 75]=183
[5, 31, 41, 44, 63]=184
[13, 19, 26, 53, 73]=184
[4, 32, 34, 36, 78]=184
[24, 33, 34, 39, 54]=184
[21, 25, 35, 41, 62]=184
[1, 14, 46, 59, 64]=184
[8, 13, 29, 47, 87]=184
[3, 26, 28, 47, 80]=184
[7, 25, 28, 36, 88]=184
[18, 21, 34, 40, 71]=184
[14, 24, 26, 37, 83]=184
[9, 24, 29, 59, 63]=184
[14, 22, 29, 59, 60]=184
[4, 6, 50, 56, 68]=184
[2, 12, 29, 62, 79]=184
[5, 21, 32, 49, 77]=184
[9, 15, 30, 41, 89]=184
[3, 9, 10, 77, 85]=184
[4, 7, 25, 70, 78]=184
[2, 12, 28, 63, 79]=184
[17, 29, 32, 33, 73]=184
[3, 8, 21, 68, 84]=184
[16, 25, 41, 47, 55]=184
[5, 10, 37, 54, 78]=184
[10, 19, 32, 55, 68]=184
[9, 15, 29, 49, 83]=185
[5, 15, 38, 51, 76]=185
[10, 23, 29, 58, 65]=185
[5, 21, 43, 52, 64]=185
[2, 28, 29, 45, 81]=185
[1, 21, 25, 60, 78]=185
[16, 21, 25, 37, 86]=185
[11, 24, 37, 52, 61]=185
[10, 38, 44, 45, 48]=185
[10, 17, 28, 50, 80]=185
[12, 20, 25, 47, 81]=185
[22, 26, 35, 45, 57]=185
[10, 18, 21, 60, 76]=185
[10, 12, 16, 60, 87]=185
[3, 9, 14, 73, 86]=185
[9, 16, 37, 55, 68]=185
[5, 15, 34, 53, 78]=185
[5, 17, 45, 53, 65]=185
[3, 4, 13, 79, 86]=185
[4, 14, 26, 67, 74]=185
[23, 26, 33, 37, 66]=185
[4, 7, 47, 53, 75]=186
[2, 18, 45, 51, 70]=186
[27, 29, 34, 37, 59]=186
[7, 21, 33, 39, 86]=186
[21, 25, 39, 45, 56]=186
[5, 25, 36, 54, 66]=186
[7, 13, 27, 56, 83]=186
[12, 14, 25, 50, 85]=186
[7, 15, 25, 53, 86]=186
[13, 18, 30, 54, 71]=186
[3, 10, 50, 60, 63]=186
[6, 7, 41, 46, 86]=186
[21, 26, 29, 39, 71]=186
[18, 23, 38, 52, 55]=186
[10, 26, 36, 37, 77]=186
[7, 11, 13, 76, 79]=186
[23, 24, 37, 50, 52]=186
[11, 29, 35, 44, 67]=186
[2, 17, 32, 50, 85]=186
[8, 13, 49, 57, 59]=186
[4, 16, 33, 49, 84]=186
[2, 31, 38, 54, 61]=186
[8, 17, 34, 51, 76]=186
[7, 31, 34, 55, 60]=187
[3, 4, 55, 56, 69]=187
[5, 15, 32, 52, 83]=187
[13, 35, 39, 42, 58]=187
[7, 10, 53, 56, 61]=187
[6, 24, 25, 53, 79]=187
[10, 21, 29, 40, 87]=187
[2, 3, 53, 60, 69]=187
[23, 28, 40, 44, 52]=187
[6, 10, 41, 45, 85]=187
[7, 21, 39, 56, 64]=187
[9, 17, 33, 60, 68]=187
[21, 22, 27, 31, 86]=187
[12, 25, 43, 53, 54]=187
[14, 24, 30, 58, 61]=187
[2, 34, 36, 50, 65]=187
[6, 20, 47, 49, 65]=187
[12, 27, 32, 49, 67]=187
[11, 23, 39, 50, 64]=187
[12, 22, 30, 56, 67]=187
[3, 11, 51, 53, 69]=187
[18, 19, 22, 62, 67]=188
[7, 31, 36, 48, 66]=188
[8, 12, 38, 45, 85]=188
[6, 25, 32, 43, 82]=188
[17, 18, 28, 35, 90]=188
[15, 32, 42, 47, 52]=188
[5, 11, 47, 48, 77]=188
[1, 5, 32, 72, 78]=188
[5, 12, 27, 69, 75]=188
[9, 10, 22, 60, 87]=188
[3, 17, 53, 56, 59]=188
[27, 29, 30, 31, 71]=188
[11, 12, 35, 59, 71]=188
[6, 21, 40, 48, 73]=188
[6, 12, 33, 68, 69]=188
[5, 11, 35, 53, 84]=188
[1, 18, 28, 70, 71]=188
[3, 16, 34, 46, 89]=188
[1, 21, 35, 42, 90]=189
[11, 16, 39, 49, 74]=189
[3, 15, 19, 63, 89]=189
[13, 19, 31, 53, 73]=189
[8, 23, 25, 54, 79]=189
[14, 19, 44, 45, 67]=189
[21, 26, 27, 42, 73]=189
[1, 26, 41, 45, 76]=189
[7, 28, 42, 43, 69]=189
[6, 8, 32, 53, 90]=189
[2, 19, 38, 49, 81]=189
[6, 8, 42, 60, 73]=189
[3, 17, 18, 64, 87]=189
[19, 25, 33, 53, 59]=189
[21, 30, 34, 42, 62]=189
[17, 27, 34, 40, 71]=189
[2, 33, 48, 52, 54]=189
[2, 36, 46, 49, 56]=189
[3, 29, 34, 61, 62]=189
[20, 36, 39, 43, 51]=189
[4, 29, 31, 35, 90]=189
[13, 15, 41, 55, 65]=189
[5, 11, 18, 67, 89]=190
[15, 18, 37, 48, 72]=190
[4, 24, 32, 46, 84]=190
[6, 11, 40, 47, 86]=190
[6, 28, 38, 49, 69]=190
[2, 29, 31, 43, 85]=190
[11, 13, 49, 57, 60]=190
[9, 35, 44, 49, 53]=190
[19, 21, 37, 42, 71]=190
[13, 22, 23, 43, 89]=190
[4, 17, 46, 48, 75]=190
[11, 24, 46, 49, 60]=190
[9, 30, 35, 45, 71]=190
[14, 19, 47, 49, 61]=190
[3, 10, 20, 71, 86]=190
[9, 14, 26, 60, 81]=190
[27, 32, 36, 39, 57]=191
[22, 23, 31, 42, 73]=191
[24, 28, 34, 49, 56]=191
[19, 23, 38, 46, 65]=191
[6, 8, 23, 71, 83]=191
[16, 20, 27, 57, 71]=191
[23, 24, 31, 49, 64]=191
[13, 27, 36, 54, 61]=191
[15, 30, 37, 50, 59]=191
[1, 15, 39, 52, 84]=191
[15, 25, 40, 51, 60]=191
[11, 21, 32, 50, 77]=191
[16, 25, 26, 50, 75]=192
[4, 12, 24, 68, 84]=192
[9, 22, 24, 49, 88]=192
[12, 27, 44, 52, 57]=192
[4, 12, 45, 65, 66]=192
[9, 23, 37, 40, 83]=192
[9, 29, 37, 52, 65]=192
[4, 20, 43, 58, 67]=192
[12, 16, 34, 40, 90]=192
[5, 6, 47, 58, 76]=192
[2, 15, 38, 60, 77]=192
[10, 12, 31, 67, 72]=192
[4, 24, 27, 58, 79]=192
[5, 12, 33, 68, 74]=192
[21, 36, 38, 47, 50]=192
[17, 21, 29, 59, 66]=192
[9, 18, 29, 56, 80]=192
[3, 17, 34, 50, 89]=193
[3, 18, 43, 55, 74]=193
[9, 20, 44, 50, 70]=193
[5, 34, 45, 54, 55]=193
[30, 31, 35, 43, 54]=193
[3, 18, 20, 71, 81]=193
[11, 24, 38, 39, 81]=193
[24, 25, 33, 50, 61]=193
[26, 33, 38, 43, 53]=193
[1, 10, 38, 67, 77]=193
[14, 32, 42, 43, 62]=193
[4, 10, 47, 55, 77]=193
[3, 25, 40, 43, 82]=193
[6, 19, 21, 72, 75]=193
[11, 14, 35, 56, 77]=193
[9, 10, 11, 73, 90]=193
[5, 22, 34, 62, 70]=193
[6, 20, 23, 54, 90]=193
[24, 37, 40, 43, 50]=194
[18, 24, 30, 43, 79]=194
[4, 27, 29, 62, 72]=194
[2, 9, 39, 69, 75]=194
[14, 20, 30, 55, 75]=194
[2, 15, 29, 73, 75]=194
[7, 24, 36, 57, 70]=194
[4, 23, 42, 61, 64]=194
[5, 7, 46, 52, 84]=194
[8, 20, 38, 59, 69]=194
[15, 31, 32, 52, 64]=194
[12, 19, 20, 70, 73]=194
[4, 6, 27, 68, 89]=194
[20, 21, 27, 59, 67]=194
[7, 36, 39, 48, 64]=194
[1, 12, 32, 65, 84]=194
[6, 12, 45, 56, 75]=194
[4, 13, 28, 72, 77]=194
[3, 13, 38, 69, 71]=194
[18, 29, 33, 39, 75]=194
[6, 15, 41, 48, 84]=194
[3, 28, 44, 58, 61]=194
[1, 23, 29, 58, 84]=195
[6, 27, 31, 47, 84]=195
[7, 17, 42, 53, 76]=195
[19, 27, 31, 37, 81]=195
[23, 26, 33, 53, 60]=195
[11, 12, 35, 61, 76]=195
[5, 30, 32, 49, 79]=195
[10, 22, 43, 52, 68]=195
[10, 17, 46, 47, 75]=195
[5, 11, 44, 56, 79]=195
[5, 36, 38, 42, 74]=195
[21, 26, 27, 33, 88]=195
[14, 22, 30, 54, 75]=195
[7, 26, 31, 52, 79]=195
[17, 23, 34, 55, 66]=195
[8, 20, 22, 56, 89]=195
[10, 24, 33, 41, 87]=195
[15, 28, 36, 54, 62]=195
[22, 23, 32, 42, 76]=195
[17, 23, 29, 45, 81]=195
[5, 8, 46, 63, 73]=195
[14, 31, 39, 41, 71]=196
[18, 31, 36, 52, 59]=196
[9, 16, 49, 54, 68]=196
[2, 22, 36, 60, 76]=196
[11, 12, 28, 64, 81]=196
[16, 20, 41, 59, 60]=196
[11, 12, 18, 76, 79]=196
[5, 23, 37, 45, 86]=196
[11, 22, 26, 49, 88]=196
[3, 9, 46, 64, 74]=196
[6, 12, 20, 72, 86]=196
[19, 21, 27, 48, 81]=196
[13, 24, 41, 48, 70]=196
[22, 32, 38, 45, 59]=196
[18, 20, 35, 51, 72]=196
[3, 34, 43, 57, 59]=196
[2, 3, 62, 63, 66]=196
[17, 23, 41, 52, 63]=196
[8, 11, 33, 61, 83]=196
[2, 31, 36, 43, 84]=196
[12, 16, 29, 67, 72]=196
[10, 14, 40, 46, 86]=196
[7, 24, 37, 44, 84]=196
[1, 9, 25, 73, 89]=197
[15, 16, 36, 60, 70]=197
[2, 12, 29, 68, 86]=197
[3, 14, 24, 73, 83]=197
[11, 24, 34, 41, 87]=197
[5, 16, 52, 58, 66]=197
[14, 25, 42, 52, 64]=197
[4, 12, 43, 62, 76]=197
[1, 9, 48, 54, 85]=197
[5, 17, 41, 62, 72]=197
[7, 13, 25, 66, 86]=197
[19, 21, 22, 46, 89]=197
[18, 23, 29, 56, 71]=197
[23, 29, 42, 43, 60]=197
[3, 25, 36, 48, 85]=197
[6, 19, 54, 58, 60]=197
[12, 23, 38, 61, 63]=197
[10, 23, 24, 57, 83]=197
[11, 15, 21, 60, 90]=197
[26, 33, 38, 47, 53]=197
[11, 23, 37, 55, 72]=198
[15, 24, 35, 53, 71]=198
[6, 18, 51, 59, 64]=198
[3, 10, 48, 61, 76]=198
[3, 27, 42, 53, 73]=198
[2, 29, 40, 62, 65]=198
[1, 14, 22, 72, 89]=198
[9, 11, 44, 49, 85]=198
[2, 8, 32, 75, 81]=198
[15, 25, 39, 42, 77]=198
[4, 26, 38, 44, 86]=198
[6, 11, 27, 69, 85]=198
[4, 17, 39, 49, 89]=198
[14, 19, 22, 65, 78]=198
[1, 41, 44, 51, 61]=198
[9, 20, 23, 56, 90]=198
[16, 28, 42, 44, 68]=198
[1, 23, 42, 62, 71]=199
[1, 15, 45, 68, 70]=199
[25, 32, 36, 43, 63]=199
[9, 16, 26, 73, 75]=199
[7, 16, 33, 65, 78]=199
[5, 21, 35, 62, 76]=199
[8, 10, 54, 63, 64]=199
[10, 12, 28, 61, 88]=199
[19, 25, 40, 45, 70]=199
[2, 16, 34, 68, 79]=199
[19, 23, 25, 53, 79]=199
[12, 14, 38, 63, 72]=199
[7, 24, 44, 51, 73]=199
[11, 16, 33, 53, 86]=199
[21, 29, 30, 38, 81]=199
[19, 24, 27, 61, 68]=199
[1, 16, 47, 61, 75]=200
[16, 30, 32, 49, 73]=200
[9, 18, 45, 57, 71]=200
[22, 30, 34, 39, 75]=200
[3, 15, 39, 67, 76]=200
[13, 31, 43, 53, 60]=200
[2, 10, 49, 66, 73]=200
[7, 14, 33, 64, 82]=200
[16, 22, 32, 51, 79]=200
[7, 10, 38, 66, 79]=200
[5, 25, 32, 63, 75]=200
[2, 12, 50, 62, 74]=200
[1, 7, 32, 76, 84]=200
[3, 30, 54, 55, 58]=200
[4, 22, 51, 61, 62]=200
[1, 20, 49, 61, 69]=200
[22, 39, 43, 44, 52]=200
[18, 24, 43, 52, 63]=200
[8, 39, 42, 45, 66]=200
[7, 19, 28, 56, 90]=200
[21, 35, 36, 48, 60]=200
[13, 22, 43, 45, 77]=200
[4, 17, 38, 67, 74]=200
[3, 19, 50, 59, 70]=201
[7, 27, 40, 49, 78]=201
[13, 15, 41, 61, 71]=201
[9, 24, 42, 57, 69]=201
[20, 22, 32, 41, 86]=201
[15, 17, 37, 51, 81]=201
[4, 7, 46, 64, 80]=201
[22, 30, 32, 54, 63]=201
[13, 27, 29, 49, 83]=201
[23, 29, 41, 45, 63]=201
[10, 16, 24, 67, 84]=201
[2, 24, 35, 65, 75]=201
[8, 22, 45, 52, 74]=201
[22, 30, 38, 52, 59]=201
[7, 33, 35, 54, 72]=201
[9, 11, 36, 60, 85]=201
[20, 36, 41, 44, 60]=201
[12, 15, 42, 45, 87]=201
[4, 7, 29, 79, 82]=201
[4, 25, 28, 62, 82]=201
[12, 21, 26, 56, 86]=201
[5, 33, 34, 57, 72]=201
[5, 28, 33, 58, 77]=201
[28, 41, 43, 44, 46]=202
[1, 11, 45, 67, 78]=202
[8, 10, 51, 59, 74]=202
[1, 28, 47, 56, 70]=202
[5, 11, 50, 67, 69]=202
[14, 19, 20, 73, 76]=202
[4, 31, 33, 58, 76]=202
[9, 21, 46, 57, 69]=202
[2, 27, 32, 55, 86]=202
[11, 16, 18, 72, 85]=202
[12, 22, 29, 59, 80]=202
[16, 26, 47, 51, 62]=202
[5, 21, 39, 61, 76]=202
[16, 30, 32, 50, 74]=202
[10, 16, 51, 53, 72]=202
[18, 19, 35, 44, 86]=202
[6, 18, 53, 61, 64]=202
[4, 26, 34, 55, 83]=202
[15, 39, 42, 52, 55]=203
[6, 18, 26, 76, 77]=203
[1, 25, 27, 69, 81]=203
[4, 15, 24, 78, 82]=203
[18, 23, 45, 53, 64]=203
[1, 8, 34, 74, 86]=203
[10, 27, 32, 59, 75]=203
[10, 21, 49, 56, 67]=203
[7, 20, 35, 58, 83]=203
[21, 29, 37, 48, 68]=203
[9, 12, 44, 56, 82]=203
[17, 20, 25, 62, 79]=203
[2, 17, 28, 77, 79]=203
[6, 15, 23, 69, 90]=203
[15, 16, 47, 58, 67]=203
[4, 5, 29, 75, 90]=203
[7, 14, 49, 53, 80]=203
[5, 17, 43, 48, 90]=203
[9, 20, 34, 63, 77]=203
[29, 33, 42, 48, 51]=203
[3, 5, 31, 74, 90]=203
[9, 20, 32, 59, 83]=203
[6, 16, 32, 67, 82]=203
[10, 23, 41, 54, 75]=203
[3, 31, 52, 54, 63]=203
[17, 19, 37, 61, 70]=204
[11, 12, 49, 64, 68]=204
[3, 8, 49, 68, 76]=204
[4, 20, 43, 52, 85]=204
[5, 15, 36, 73, 75]=204
[9, 20, 47, 50, 78]=204
[2, 6, 43, 72, 81]=204
[7, 10, 32, 71, 84]=204
[20, 32, 34, 54, 64]=204
[12, 19, 39, 44, 90]=204
[16, 20, 25, 66, 77]=204
[17, 19, 36, 55, 77]=204
[15, 16, 33, 62, 78]=204
[7, 20, 34, 67, 76]=204
[14, 24, 33, 52, 81]=204
[9, 30, 39, 52, 75]=205
[1, 30, 37, 55, 82]=205
[17, 31, 32, 53, 72]=205
[11, 23, 32, 66, 73]=205
[11, 18, 26, 67, 83]=205
[1, 29, 50, 55, 70]=205
[4, 8, 18, 86, 89]=205
[4, 21, 26, 71, 83]=205
[1, 3, 47, 76, 78]=205
[14, 41, 48, 50, 52]=205
[12, 35, 41, 44, 73]=205
[12, 28, 34, 61, 70]=205
[6, 11, 30, 78, 80]=205
[10, 24, 32, 67, 72]=205
[13, 24, 33, 63, 72]=205
[20, 32, 35, 51, 67]=205
[6, 11, 56, 61, 71]=205
[19, 25, 31, 54, 76]=205
[12, 23, 42, 56, 72]=205
[15, 27, 40, 47, 76]=205
[12, 30, 41, 60, 62]=205
[20, 24, 31, 57, 73]=205
[3, 5, 58, 67, 72]=205
[14, 39, 44, 48, 60]=205
[12, 32, 48, 50, 63]=205
[3, 9, 55, 64, 74]=205
[20, 33, 39, 50, 64]=206
[6, 22, 49, 64, 65]=206
[5, 7, 36, 76, 82]=206
[5, 22, 25, 67, 87]=206
[6, 20, 26, 72, 82]=206
[17, 21, 32, 63, 73]=206
[9, 20, 36, 52, 89]=206
[22, 28, 38, 42, 76]=206
[16, 19, 41, 44, 86]=206
[7, 22, 45, 49, 83]=206
[13, 36, 45, 48, 64]=206
[10, 17, 33, 71, 75]=206
[19, 21, 29, 58, 79]=206
[10, 13, 60, 61, 62]=206
[3, 32, 50, 52, 69]=206
[12, 17, 29, 60, 88]=206
[4, 11, 57, 65, 69]=206
[3, 31, 45, 50, 77]=206
[25, 33, 37, 46, 65]=206
[13, 30, 39, 47, 77]=206
[9, 24, 39, 65, 69]=206
[13, 21, 33, 49, 90]=206
[3, 28, 43, 46, 86]=206
[8, 13, 37, 73, 75]=206
[8, 27, 34, 51, 86]=206
[4, 12, 31, 75, 85]=207
[19, 43, 46, 47, 52]=207
[4, 8, 31, 81, 83]=207
[24, 26, 39, 40, 78]=207
[14, 27, 40, 52, 74]=207
[16, 34, 38, 49, 70]=207
[5, 10, 45, 71, 76]=207
[7, 23, 30, 72, 75]=207
[15, 34, 37, 50, 71]=207
[13, 20, 36, 61, 77]=207
[3, 36, 41, 58, 69]=207
[12, 13, 37, 56, 89]=207
[10, 26, 44, 54, 73]=207
[3, 10, 23, 84, 87]=207
[25, 26, 30, 40, 86]=207
[12, 23, 47, 59, 66]=207
[5, 12, 36, 75, 79]=207
[12, 28, 37, 51, 79]=207
[9, 15, 46, 48, 89]=207
[17, 25, 44, 48, 73]=207
[17, 20, 41, 45, 85]=208
[14, 28, 30, 52, 84]=208
[22, 28, 31, 49, 78]=208
[9, 11, 43, 57, 88]=208
[9, 19, 57, 61, 62]=208
[5, 10, 54, 59, 80]=208
[20, 43, 44, 46, 55]=208
[1, 18, 30, 69, 90]=208
[1, 33, 49, 56, 69]=208
[12, 17, 45, 59, 75]=208
[11, 26, 35, 51, 85]=208
[27, 31, 41, 49, 60]=208
[4, 27, 36, 63, 78]=208
[14, 20, 45, 57, 72]=208
[2, 30, 55, 57, 64]=208
[2, 17, 35, 68, 86]=208
[14, 30, 41, 61, 62]=208
[1, 36, 37, 64, 70]=208
[6, 10, 57, 60, 75]=208
[12, 17, 39, 51, 89]=208
[14, 18, 36, 55, 85]=208
[6, 20, 27, 69, 86]=208
[17, 24, 37, 49, 82]=209
[3, 32, 50, 59, 65]=209
[7, 18, 59, 60, 65]=209
[1, 25, 38, 71, 74]=209
[11, 20, 44, 46, 88]=209
[2, 32, 47, 61, 67]=209
[13, 16, 46, 65, 69]=209
[6, 19, 31, 72, 81]=209
[1, 27, 29, 74, 78]=209
[8, 13, 47, 56, 85]=209
[2, 6, 47, 74, 80]=209
[6, 19, 47, 52, 85]=209
[12, 13, 53, 62, 69]=209
[15, 31, 39, 51, 73]=209
[10, 20, 40, 54, 85]=209
[7, 18, 48, 59, 77]=209
[3, 15, 53, 65, 73]=209
[7, 29, 44, 47, 82]=209
[24, 27, 45, 48, 65]=209
[12, 43, 46, 48, 60]=209
[20, 30, 33, 49, 77]=209
[18, 36, 47, 48, 60]=209
[16, 25, 27, 54, 87]=209
[17, 20, 52, 55, 65]=209
[8, 25, 37, 56, 83]=209
[2, 13, 43, 74, 77]=209
[8, 31, 37, 61, 72]=209
[25, 34, 46, 51, 53]=209
[14, 20, 42, 43, 90]=209
[5, 9, 52, 59, 85]=210
[26, 39, 40, 52, 53]=210
[15, 19, 45, 63, 68]=210
[11, 24, 31, 60, 84]=210
[3, 33, 53, 60, 61]=210
[10, 16, 47, 67, 70]=210
[3, 18, 58, 59, 72]=210
[17, 40, 45, 50, 58]=210
[7, 11, 33, 78, 81]=210
[10, 25, 26, 72, 77]=210
[3, 5, 44, 78, 80]=210
[6, 10, 52, 57, 85]=210
[4, 9, 30, 83, 84]=210
[9, 30, 44, 60, 67]=210
[9, 35, 48, 49, 69]=210
[1, 32, 52, 56, 69]=210
[15, 18, 54, 59, 64]=210
[21, 24, 42, 57, 66]=210
[18, 31, 40, 49, 72]=210
[34, 36, 38, 46, 56]=210
[22, 40, 42, 51, 55]=210
[6, 39, 42, 52, 71]=210
[10, 28, 30, 59, 83]=210
[16, 27, 45, 53, 70]=211
[1, 12, 42, 71, 85]=211
[15, 24, 48, 59, 65]=211
[4, 28, 38, 69, 72]=211
[3, 25, 48, 55, 80]=211
[16, 24, 33, 54, 84]=211
[11, 34, 41, 56, 69]=211
[1, 33, 42, 65, 70]=211
[4, 22, 30, 67, 88]=211
[11, 39, 46, 50, 65]=211
[11, 13, 45, 67, 75]=211
[30, 31, 47, 51, 52]=211
[29, 30, 35, 42, 75]=211
[10, 24, 26, 61, 90]=211
[12, 36, 40, 55, 68]=211
[10, 13, 22, 76, 90]=211
[7, 8, 51, 59, 86]=211
[10, 24, 43, 50, 84]=211
[1, 34, 57, 58, 61]=211
[5, 15, 50, 63, 78]=211
[22, 30, 33, 36, 90]=211
[4, 17, 42, 63, 85]=211
[12, 31, 39, 45, 84]=211
[9, 34, 48, 55, 65]=211
[2, 10, 49, 66, 84]=211
[13, 24, 41, 47, 86]=211
[5, 46, 49, 52, 59]=211
[5, 19, 50, 62, 75]=211
[6, 7, 46, 65, 88]=212
[22, 24, 35, 63, 68]=212
[7, 39, 40, 58, 68]=212
[15, 37, 46, 55, 59]=212
[3, 4, 32, 83, 90]=212
[27, 36, 37, 55, 57]=212
[1, 24, 49, 67, 71]=212
[10, 29, 44, 52, 77]=212
[21, 35, 45, 48, 63]=212
[6, 35, 37, 62, 72]=212
[3, 17, 46, 68, 78]=212
[8, 45, 46, 54, 59]=212
[10, 19, 31, 73, 79]=212
[12, 33, 34, 46, 87]=212
[9, 13, 55, 66, 69]=212
[23, 30, 43, 52, 64]=212
[3, 10, 46, 70, 83]=212
[6, 11, 53, 59, 83]=212
[5, 25, 41, 52, 89]=212
[1, 25, 49, 62, 75]=212
[7, 21, 48, 55, 82]=213
[33, 37, 40, 51, 52]=213
[17, 18, 51, 52, 75]=213
[11, 37, 40, 52, 73]=213
[4, 40, 42, 51, 76]=213
[5, 11, 57, 67, 73]=213
[6, 17, 50, 55, 85]=213
[6, 9, 26, 84, 88]=213
[16, 26, 33, 66, 72]=213
[8, 13, 42, 70, 80]=213
[11, 26, 46, 63, 67]=213
[4, 16, 50, 60, 83]=213
[18, 24, 43, 60, 68]=213
[10, 25, 28, 65, 85]=213
[1, 39, 51, 55, 67]=213
[3, 18, 41, 66, 85]=213
[3, 41, 42, 57, 70]=213
[5, 15, 41, 66, 86]=213
[29, 30, 38, 43, 73]=213
[7, 8, 62, 65, 71]=213
[15, 24, 41, 54, 79]=213
[19, 23, 54, 56, 61]=213
[5, 21, 33, 68, 86]=213
[9, 11, 29, 78, 86]=213
[29, 30, 39, 55, 60]=213
[15, 17, 41, 56, 84]=213
[1, 4, 59, 65, 85]=214
[4, 39, 49, 60, 62]=214
[16, 23, 26, 74, 75]=214
[26, 30, 36, 41, 81]=214
[2, 38, 40, 50, 84]=214
[11, 24, 42, 59, 78]=214
[22, 36, 40, 55, 61]=214
[20, 31, 36, 61, 66]=214
[12, 41, 43, 57, 61]=214
[7, 25, 43, 65, 74]=214
[14, 27, 41, 56, 76]=214
[14, 29, 40, 55, 76]=214
[13, 22, 45, 47, 87]=214
[5, 22, 56, 57, 74]=214
[18, 21, 29, 66, 80]=214
[10, 19, 56, 58, 71]=214
[1, 24, 51, 53, 85]=214
[2, 8, 59, 63, 82]=214
[13, 19, 43, 49, 90]=214
[12, 29, 42, 62, 69]=214
[7, 23, 26, 70, 88]=214
[10, 30, 44, 65, 66]=215
[19, 32, 36, 52, 76]=215
[7, 10, 56, 58, 84]=215
[20, 25, 31, 60, 79]=215
[6, 20, 36, 69, 84]=215
[15, 33, 36, 48, 83]=215
[16, 23, 26, 62, 88]=215
[11, 20, 51, 55, 78]=215
[11, 12, 54, 56, 82]=215
[13, 34, 47, 48, 73]=215
[12, 28, 45, 62, 68]=215
[11, 31, 36, 58, 79]=215
[8, 24, 38, 68, 78]=216
[5, 18, 47, 61, 85]=216
[27, 30, 35, 56, 68]=216
[11, 41, 42, 45, 77]=216
[15, 28, 35, 65, 73]=216
[1, 6, 62, 72, 75]=216
[12, 27, 56, 58, 63]=216
[7, 29, 40, 63, 77]=216
[5, 9, 64, 66, 72]=216
[28, 33, 48, 49, 58]=216
[1, 10, 44, 79, 82]=216
[8, 9, 43, 72, 84]=216
[3, 25, 45, 64, 79]=216
[15, 32, 34, 51, 84]=216
[32, 36, 47, 49, 52]=216
[4, 43, 50, 54, 65]=216
[21, 35, 48, 52, 60]=216
[28, 33, 34, 40, 81]=216
[7, 9, 52, 59, 89]=216
[30, 32, 43, 53, 58]=216
[3, 33, 46, 59, 75]=216
[9, 13, 27, 81, 87]=217
[24, 43, 44, 48, 58]=217
[7, 18, 53, 54, 85]=217
[20, 28, 47, 51, 71]=217
[16, 24, 40, 64, 73]=217
[4, 6, 52, 77, 78]=217
[8, 22, 53, 63, 71]=217
[20, 23, 51, 59, 64]=217
[13, 22, 47, 67, 68]=217
[2, 15, 64, 67, 69]=217
[8, 9, 43, 76, 81]=217
[10, 22, 32, 75, 78]=217
[4, 37, 40, 66, 70]=217
[7, 13, 57, 69, 71]=217
[4, 13, 47, 76, 78]=218
[2, 4, 61, 62, 89]=218
[15, 22, 23, 70, 88]=218
[10, 24, 51, 57, 76]=218
[16, 38, 48, 56, 60]=218
[23, 25, 28, 66, 76]=218
[12, 28, 37, 61, 80]=218
[13, 17, 20, 82, 86]=218
[9, 20, 59, 60, 70]=218
[4, 18, 43, 68, 85]=218
[21, 26, 54, 58, 59]=218
[3, 9, 46, 70, 90]=218
[11, 27, 45, 54, 81]=218
[2, 33, 41, 69, 73]=218
[10, 20, 44, 64, 80]=218
[7, 13, 54, 55, 89]=218
[3, 30, 41, 63, 81]=218
[22, 29, 36, 56, 75]=218
[16, 28, 51, 59, 64]=218
[28, 33, 34, 47, 76]=218
[27, 28, 39, 47, 77]=218
[1, 22, 61, 62, 72]=218
[25, 30, 40, 45, 78]=218
[14, 24, 42, 61, 77]=218
[5, 29, 33, 69, 82]=218
[6, 36, 44, 46, 86]=218
[23, 28, 37, 54, 76]=218
[4, 22, 25, 77, 90]=218
[8, 44, 47, 48, 71]=218
[4, 27, 53, 67, 68]=219
[22, 33, 47, 51, 66]=219
[11, 27, 46, 48, 87]=219
[22, 30, 35, 61, 71]=219
[19, 30, 43, 58, 69]=219
[11, 36, 43, 63, 66]=219
[15, 28, 51, 52, 73]=219
[15, 23, 41, 67, 73]=219
[21, 41, 45, 49, 63]=219
[4, 27, 29, 74, 85]=219
[8, 36, 44, 55, 76]=219
[19, 20, 28, 63, 89]=219
[22, 35, 43, 50, 69]=219
[31, 36, 48, 50, 54]=219
[24, 35, 41, 52, 67]=219
[32, 34, 40, 51, 62]=219
[11, 32, 40, 48, 88]=219
[2, 23, 24, 80, 90]=219
[12, 18, 55, 60, 74]=219
[14, 44, 46, 48, 67]=219
[12, 21, 42, 60, 84]=219
[4, 38, 43, 51, 83]=219
[18, 19, 43, 54, 85]=219
[11, 15, 56, 58, 79]=219
[16, 39, 42, 45, 78]=220
[2, 33, 38, 70, 77]=220
[5, 22, 51, 70, 72]=220
[35, 36, 42, 47, 60]=220
[20, 28, 44, 46, 82]=220
[5, 32, 38, 64, 81]=220
[8, 37, 44, 51, 80]=220
[8, 10, 55, 57, 90]=220
[6, 20, 60, 61, 73]=220
[17, 21, 31, 71, 80]=220
[22, 32, 40, 47, 79]=220
[10, 24, 35, 73, 78]=220
[16, 31, 48, 62, 63]=220
[3, 18, 59, 67, 73]=220
[13, 27, 48, 57, 75]=220
[16, 23, 24, 72, 85]=220
[14, 34, 46, 57, 69]=220
[13, 21, 31, 73, 82]=220
[26, 27, 45, 53, 69]=220
[1, 3, 60, 75, 81]=220
[25, 35, 38, 49, 73]=220
[4, 35, 38, 55, 88]=220
[9, 12, 45, 65, 89]=220
[14, 34, 43, 52, 78]=221
[2, 38, 44, 61, 76]=221
[4, 7, 56, 71, 83]=221
[13, 37, 51, 59, 61]=221
[20, 21, 41, 62, 77]=221
[6, 13, 55, 66, 81]=221
[21, 26, 44, 49, 81]=221
[14, 20, 34, 71, 82]=221
[20, 24, 44, 61, 72]=221
[19, 36, 51, 54, 61]=221
[7, 35, 36, 61, 82]=221
[24, 40, 42, 44, 71]=221
[1, 29, 51, 52, 88]=221
[1, 22, 59, 67, 72]=221
[13, 28, 44, 46, 90]=221
[23, 28, 47, 50, 73]=221
[15, 25, 49, 51, 81]=221
[3, 26, 46, 65, 81]=221
[8, 17, 51, 67, 78]=221
[7, 22, 40, 74, 78]=221
[7, 27, 42, 66, 80]=222
[4, 38, 42, 64, 74]=222
[24, 37, 39, 48, 74]=222
[28, 30, 35, 46, 83]=222
[10, 23, 47, 58, 84]=222
[11, 24, 34, 64, 89]=222
[28, 34, 39, 40, 81]=222
[3, 53, 54, 55, 57]=222
[2, 28, 36, 77, 79]=222
[2, 26, 52, 66, 76]=222
[13, 28, 37, 70, 74]=222
[18, 27, 42, 66, 69]=222
[3, 27, 53, 61, 78]=222
[13, 41, 43, 51, 74]=222
[18, 22, 50, 54, 79]=223
[6, 18, 35, 74, 90]=223
[3, 50, 55, 57, 58]=223
[7, 29, 30, 77, 80]=223
[11, 31, 45, 53, 83]=223
[17, 26, 42, 62, 76]=223
[19, 36, 44, 54, 70]=223
[1, 34, 50, 59, 79]=223
[8, 36, 38, 68, 73]=223
[27, 28, 46, 49, 73]=223
[3, 23, 57, 58, 82]=223
[22, 25, 28, 71, 77]=223
[1, 37, 43, 56, 86]=223
[3, 26, 41, 67, 86]=223
[6, 37, 41, 60, 79]=223
[3, 6, 67, 72, 76]=224
[3, 34, 46, 62, 79]=224
[10, 17, 61, 63, 73]=224
[25, 30, 40, 55, 74]=224
[14, 16, 33, 78, 83]=224
[11, 12, 42, 76, 83]=224
[14, 20, 59, 60, 71]=224
[10, 38, 41, 58, 77]=224
[11, 29, 41, 65, 78]=224
[20, 22, 50, 53, 79]=224
[9, 20, 24, 85, 86]=224
[14, 40, 54, 55, 61]=224
[14, 20, 31, 73, 86]=224
[7, 15, 59, 68, 75]=224
[1, 23, 52, 61, 87]=224
[29, 42, 46, 50, 57]=224
[15, 44, 49, 54, 62]=224
[7, 17, 57, 70, 73]=224
[3, 10, 59, 72, 80]=224
[2, 19, 29, 84, 90]=224
[23, 30, 45, 56, 71]=225
[22, 29, 40, 48, 86]=225
[12, 38, 39, 57, 79]=225
[1, 29, 34, 73, 88]=225
[6, 9, 64, 67, 79]=225
[2, 25, 29, 83, 86]=225
[32, 36, 42, 51, 64]=225
[13, 14, 49, 65, 84]=225
[3, 14, 47, 75, 86]=225
[11, 15, 46, 70, 83]=225
[20, 24, 37, 54, 90]=225
[6, 39, 45, 56, 79]=225
[13, 43, 49, 59, 61]=225
[12, 26, 47, 58, 82]=225
[9, 43, 46, 60, 67]=225
[8, 33, 57, 62, 66]=226
[15, 36, 45, 58, 72]=226
[9, 33, 42, 68, 74]=226
[28, 34, 36, 42, 86]=226
[27, 37, 39, 57, 66]=226
[14, 30, 47, 58, 77]=226
[1, 37, 41, 72, 75]=226
[27, 30, 32, 47, 90]=226
[14, 44, 46, 52, 70]=226
[23, 28, 44, 55, 76]=226
[26, 39, 42, 54, 65]=226
[12, 34, 38, 65, 77]=226
[18, 19, 55, 66, 68]=226
[27, 29, 30, 57, 83]=226
[14, 38, 45, 46, 83]=226
[7, 34, 52, 53, 80]=226
[4, 18, 37, 77, 90]=226
[31, 37, 40, 47, 71]=226
[12, 18, 48, 71, 77]=226
[3, 35, 44, 69, 75]=226
[2, 24, 47, 75, 78]=226
[18, 23, 56, 57, 73]=227
[11, 30, 36, 67, 83]=227
[18, 37, 44, 52, 76]=227
[18, 27, 52, 57, 73]=227
[8, 9, 54, 69, 87]=227
[3, 31, 39, 73, 81]=227
[25, 28, 45, 55, 74]=227
[5, 14, 35, 85, 88]=227
[5, 31, 43, 69, 79]=227
[20, 35, 43, 59, 70]=227
[16, 38, 47, 55, 71]=227
[16, 26, 43, 65, 77]=227
[31, 32, 40, 57, 67]=227
[7, 35, 38, 61, 86]=227
[28, 29, 35, 48, 87]=227
[15, 17, 48, 70, 77]=227
[18, 23, 40, 70, 76]=227
[1, 44, 55, 61, 66]=227
[4, 13, 58, 74, 79]=228
[4, 17, 46, 78, 83]=228
[25, 39, 45, 54, 65]=228
[20, 43, 53, 54, 58]=228
[17, 21, 57, 62, 71]=228
[24, 30, 37, 54, 83]=228
[13, 22, 38, 65, 90]=228
[19, 23, 57, 63, 66]=228
[25, 30, 38, 56, 79]=228
[1, 42, 49, 62, 74]=228
[21, 25, 56, 59, 67]=228
[5, 7, 65, 68, 83]=228
[18, 37, 41, 58, 74]=228
[14, 26, 49, 58, 81]=228
[17, 28, 48, 54, 81]=228
[22, 28, 36, 61, 81]=228
[4, 18, 56, 71, 80]=229
[3, 19, 64, 66, 77]=229
[27, 35, 51, 57, 59]=229
[17, 20, 32, 76, 84]=229
[18, 31, 46, 49, 85]=229
[7, 14, 50, 68, 90]=229
[6, 33, 43, 73, 74]=229
[11, 25, 32, 78, 83]=229
[18, 47, 49, 55, 60]=229
[4, 30, 47, 67, 81]=229
[30, 40, 41, 43, 75]=229
[26, 32, 34, 52, 85]=229
[22, 23, 54, 62, 68]=229
[4, 40, 43, 57, 85]=229
[24, 33, 38, 53, 81]=229
[20, 36, 39, 50, 84]=229
[14, 17, 30, 83, 85]=229
[19, 29, 31, 63, 87]=229
[2, 23, 50, 64, 90]=229
[17, 40, 45, 62, 65]=229
[9, 25, 48, 64, 83]=229
[21, 24, 42, 65, 77]=229
[21, 22, 44, 62, 80]=229
[7, 21, 51, 63, 87]=229
[3, 38, 46, 59, 83]=229
[10, 18, 57, 64, 80]=229
[14, 18, 50, 65, 82]=229
[24, 29, 55, 56, 65]=229
[6, 42, 44, 57, 80]=229
[7, 27, 62, 66, 67]=229
[11, 27, 53, 67, 71]=229
[23, 36, 38, 57, 76]=230
[27, 35, 42, 55, 71]=230
[20, 23, 39, 70, 78]=230
[3, 10, 66, 69, 82]=230
[22, 31, 50, 60, 67]=230
[3, 41, 49, 61, 76]=230
[24, 38, 39, 60, 69]=230
[30, 32, 49, 54, 65]=230
[18, 34, 46, 51, 81]=230
[19, 30, 49, 61, 71]=230
[27, 30, 41, 52, 80]=230
[13, 20, 30, 78, 89]=230
[16, 41, 44, 49, 80]=230
[2, 22, 57, 60, 89]=230
[21, 37, 39, 56, 77]=230
[4, 42, 44, 63, 77]=230
[13, 34, 53, 63, 67]=230
[17, 21, 49, 63, 80]=230
[20, 41, 49, 56, 64]=230
[3, 5, 57, 80, 85]=230
[30, 32, 45, 46, 77]=230
[23, 39, 43, 45, 80]=230
[5, 6, 55, 75, 89]=230
[12, 29, 48, 70, 71]=230
[7, 13, 34, 87, 89]=230
[16, 18, 36, 78, 82]=230
[17, 37, 43, 66, 68]=231
[21, 38, 46, 61, 65]=231
[5, 35, 47, 66, 78]=231
[12, 36, 40, 71, 72]=231
[10, 19, 57, 64, 81]=231
[16, 22, 56, 57, 80]=231
[8, 11, 51, 75, 86]=231
[1, 39, 53, 68, 70]=231
[7, 32, 54, 60, 78]=231
[14, 37, 47, 66, 67]=231
[3, 35, 41, 72, 80]=231
[16, 25, 41, 64, 85]=231
[9, 13, 37, 82, 90]=231
[8, 31, 57, 60, 75]=231
[7, 26, 32, 81, 85]=231
[8, 27, 36, 77, 83]=231
[24, 33, 46, 61, 67]=231
[22, 24, 29, 74, 82]=231
[1, 25, 62, 70, 73]=231
[28, 39, 41, 58, 65]=231
[6, 26, 57, 63, 79]=231
[8, 21, 61, 65, 76]=231
[14, 35, 37, 58, 87]=231
[14, 20, 50, 73, 74]=231
[6, 44, 46, 55, 81]=232
[4, 27, 41, 72, 88]=232
[12, 30, 51, 66, 73]=232
[21, 33, 43, 56, 79]=232
[18, 19, 54, 57, 84]=232
[19, 29, 47, 54, 83]=232
[17, 35, 58, 59, 63]=232
[7, 42, 49, 55, 79]=232
[5, 46, 47, 55, 79]=232
[24, 27, 49, 52, 80]=232
[7, 16, 52, 77, 80]=232
[4, 18, 48, 75, 87]=232
[6, 34, 36, 67, 89]=232
[23, 32, 36, 54, 87]=232
[19, 25, 47, 64, 77]=232
[18, 39, 41, 62, 72]=232
[10, 18, 60, 68, 76]=232
[28, 38, 45, 46, 75]=232
[8, 29, 32, 80, 83]=232
[4, 36, 51, 69, 72]=232
[16, 38, 40, 65, 73]=232
[39, 41, 46, 47, 60]=233
[28, 30, 35, 56, 84]=233
[23, 32, 37, 62, 79]=233
[15, 41, 43, 45, 89]=233
[11, 21, 32, 84, 85]=233
[20, 32, 43, 65, 73]=233
[14, 26, 43, 62, 88]=233
[15, 26, 42, 66, 84]=233
[17, 39, 43, 55, 79]=233
[6, 42, 57, 58, 70]=233
[20, 37, 39, 62, 75]=233
[7, 14, 60, 66, 86]=233
[17, 18, 46, 65, 87]=233
[13, 15, 60, 68, 77]=233
[7, 41, 47, 48, 90]=233
[1, 14, 68, 75, 76]=234
[5, 32, 47, 62, 88]=234
[4, 28, 58, 59, 85]=234
[10, 23, 61, 68, 72]=234
[13, 14, 39, 81, 87]=234
[25, 38, 40, 55, 76]=234
[17, 38, 39, 55, 85]=234
[29, 39, 43, 55, 68]=234
[8, 45, 51, 56, 74]=234
[24, 26, 31, 76, 77]=234
[19, 30, 43, 59, 83]=234
[5, 37, 50, 57, 85]=234
[10, 44, 54, 58, 68]=234
[16, 29, 43, 56, 90]=234
[13, 23, 24, 85, 89]=234
[8, 14, 56, 70, 86]=234
[2, 5, 67, 73, 87]=234
[2, 12, 56, 80, 84]=234
[24, 36, 44, 63, 68]=235
[25, 38, 43, 57, 72]=235
[14, 30, 51, 62, 78]=235
[4, 34, 48, 66, 83]=235
[9, 22, 55, 70, 79]=235
[23, 24, 51, 59, 78]=235
[10, 31, 45, 71, 78]=235
[16, 29, 53, 57, 80]=235
[5, 40, 46, 54, 90]=235
[4, 13, 44, 85, 89]=235
[1, 2, 59, 85, 88]=235
[5, 18, 53, 72, 87]=235
[28, 35, 42, 51, 79]=235
[31, 32, 53, 55, 64]=235
[16, 38, 49, 50, 82]=235
[11, 45, 51, 63, 65]=235
[27, 35, 49, 50, 74]=235
[14, 22, 47, 75, 77]=235
[31, 40, 41, 55, 68]=235
[2, 29, 53, 70, 82]=236
[3, 43, 59, 62, 69]=236
[6, 23, 41, 81, 85]=236
[11, 42, 53, 64, 66]=236
[4, 26, 67, 68, 71]=236
[5, 24, 59, 62, 86]=236
[15, 17, 34, 80, 90]=236
[13, 36, 53, 59, 75]=236
[26, 27, 42, 55, 86]=236
[36, 38, 42, 54, 66]=236
[14, 32, 35, 66, 89]=236
[12, 41, 50, 61, 72]=236
[18, 23, 50, 68, 77]=236
[20, 35, 46, 57, 78]=236
[10, 40, 55, 64, 67]=236
[13, 21, 27, 86, 89]=236
[18, 31, 47, 64, 76]=236
[24, 30, 51, 60, 71]=236
[9, 11, 54, 72, 90]=236
[22, 33, 50, 62, 69]=236
[19, 36, 43, 51, 87]=236
[18, 24, 46, 63, 85]=236
[4, 31, 38, 75, 89]=237
[12, 38, 45, 66, 76]=237
[24, 25, 43, 60, 85]=237
[11, 42, 45, 63, 76]=237
[4, 17, 70, 71, 75]=237
[10, 34, 42, 66, 85]=237
[17, 26, 57, 59, 78]=237
[18, 26, 49, 68, 76]=237
[9, 22, 58, 69, 79]=237
[41, 43, 44, 54, 55]=237
[29, 34, 37, 47, 90]=237
[30, 31, 48, 53, 75]=237
[1, 21, 63, 72, 80]=237
[7, 8, 67, 75, 80]=237
[1, 35, 39, 78, 84]=237
[18, 45, 49, 50, 75]=237
[29, 30, 37, 70, 71]=237
[25, 33, 43, 56, 80]=237
[11, 41, 48, 56, 81]=237
[34, 47, 49, 51, 56]=237
[11, 17, 65, 69, 75]=237
[14, 21, 53, 60, 90]=238
[3, 50, 52, 59, 74]=238
[2, 13, 67, 70, 86]=238
[20, 31, 34, 69, 84]=238
[19, 24, 47, 60, 88]=238
[2, 30, 50, 72, 84]=238
[6, 32, 57, 66, 77]=238
[9, 29, 57, 69, 74]=238
[16, 35, 54, 65, 68]=238
[2, 19, 63, 72, 82]=238
[22, 25, 48, 70, 73]=238
[18, 19, 61, 68, 72]=238
[6, 37, 41, 64, 90]=238
[12, 34, 46, 64, 82]=238
[8, 39, 51, 54, 86]=238
[12, 33, 37, 68, 88]=238
[23, 27, 29, 78, 81]=238
[19, 38, 56, 60, 65]=238
[18, 43, 44, 50, 83]=238
[14, 17, 49, 76, 82]=238
[14, 24, 46, 70, 84]=238
[7, 38, 43, 69, 81]=238
[4, 9, 65, 70, 90]=238
[19, 45, 46, 56, 72]=238
[26, 41, 48, 56, 67]=238
[5, 23, 51, 78, 81]=238
[6, 41, 53, 66, 72]=238
[29, 40, 52, 58, 59]=238
[28, 33, 51, 56, 70]=238
[29, 34, 36, 59, 80]=238
[1, 46, 55, 66, 70]=238
[21, 36, 42, 65, 74]=238
[11, 28, 51, 63, 85]=238
[14, 19, 54, 64, 87]=238
[6, 9, 69, 73, 81]=238
[19, 41, 43, 61, 75]=239
[28, 38, 52, 56, 65]=239
[7, 26, 37, 81, 88]=239
[12, 41, 59, 61, 66]=239
[13, 35, 61, 64, 66]=239
[14, 28, 31, 78, 88]=239
[18, 38, 45, 58, 80]=239
[11, 20, 36, 82, 90]=239
[12, 20, 44, 81, 82]=239
[33, 37, 50, 53, 66]=239
[31, 43, 45, 56, 64]=239
[12, 24, 58, 68, 77]=239
[10, 32, 46, 67, 84]=239
[7, 16, 40, 87, 89]=239
[7, 20, 51, 74, 87]=239
[16, 19, 52, 68, 84]=239
[6, 27, 57, 61, 88]=239
[16, 38, 50, 51, 84]=239
[1, 18, 60, 79, 81]=239
[26, 35, 53, 61, 64]=239
[18, 21, 55, 68, 77]=239
[18, 20, 40, 79, 82]=239
[11, 30, 53, 68, 77]=239
[18, 23, 54, 63, 82]=240
[22, 29, 53, 62, 74]=240
[24, 42, 46, 47, 81]=240
[15, 33, 56, 60, 76]=240
[22, 39, 49, 60, 70]=240
[17, 24, 47, 68, 84]=240
[13, 40, 55, 56, 76]=240
[27, 35, 39, 68, 71]=240
[19, 23, 47, 72, 79]=240
[9, 35, 53, 60, 83]=240
[16, 25, 38, 78, 83]=240
[25, 37, 38, 64, 76]=240
[17, 31, 48, 59, 85]=240
[7, 21, 63, 64, 85]=240
[13, 32, 43, 62, 90]=240
[21, 24, 49, 66, 80]=240
[24, 31, 36, 71, 78]=240
[6, 45, 49, 69, 71]=240
[2, 22, 47, 80, 89]=240
[11, 35, 51, 53, 90]=240
[23, 33, 48, 63, 73]=240
[14, 22, 48, 75, 81]=240
[26, 27, 30, 73, 85]=241
[11, 27, 55, 68, 80]=241
[9, 27, 59, 72, 74]=241
[21, 29, 58, 62, 71]=241
[16, 18, 50, 69, 88]=241
[27, 34, 49, 63, 68]=241
[11, 27, 57, 68, 78]=241
[8, 22, 65, 66, 80]=241
[1, 38, 55, 73, 74]=241
[26, 31, 42, 52, 90]=241
[20, 22, 64, 66, 69]=241
[8, 27, 49, 76, 81]=241
[13, 47, 49, 57, 75]=241
[11, 29, 54, 73, 74]=241
[10, 33, 47, 70, 81]=241
[23, 31, 42, 71, 74]=241
[12, 21, 55, 70, 83]=241
[5, 18, 63, 76, 80]=242
[18, 41, 42, 52, 89]=242
[19, 21, 42, 73, 87]=242
[9, 29, 38, 80, 86]=242
[35, 38, 46, 61, 62]=242
[23, 36, 54, 55, 74]=242
[15, 36, 52, 56, 83]=242
[41, 42, 44, 51, 64]=242
[13, 48, 54, 57, 70]=242
[5, 42, 61, 64, 70]=242
[11, 19, 61, 62, 89]=242
[6, 16, 47, 84, 89]=242
[19, 29, 51, 64, 79]=242
[1, 15, 61, 79, 87]=243
[3, 20, 53, 79, 88]=243
[22, 24, 43, 64, 90]=243
[15, 28, 58, 70, 72]=243
[12, 13, 60, 70, 88]=243
[4, 25, 60, 69, 85]=243
[10, 15, 63, 66, 89]=243
[13, 39, 45, 71, 75]=243
[9, 31, 48, 77, 78]=243
[22, 44, 53, 55, 69]=243
[15, 22, 60, 66, 80]=243
[4, 42, 44, 72, 81]=243
[5, 25, 44, 82, 87]=243
[2, 31, 48, 75, 87]=243
[6, 39, 53, 66, 79]=243
[1, 25, 64, 71, 83]=244
[26, 31, 35, 65, 87]=244
[13, 26, 42, 79, 84]=244
[20, 41, 44, 68, 71]=244
[24, 38, 45, 48, 89]=244
[14, 26, 48, 71, 85]=244
[22, 32, 56, 61, 73]=244
[14, 32, 49, 72, 77]=244
[23, 26, 49, 68, 78]=244
[14, 38, 52, 54, 86]=244
[23, 29, 56, 67, 69]=244
[6, 41, 57, 62, 78]=244
[13, 24, 42, 81, 84]=244
[21, 44, 47, 48, 84]=244
[5, 12, 62, 75, 90]=244
[21, 26, 37, 71, 89]=244
[1, 44, 57, 60, 82]=244
[3, 16, 72, 76, 77]=244
[13, 50, 53, 59, 70]=245
[5, 30, 55, 70, 85]=245
[5, 42, 46, 71, 81]=245
[6, 29, 58, 71, 81]=245
[2, 23, 65, 71, 84]=245
[3, 25, 51, 80, 86]=245
[15, 18, 60, 74, 78]=245
[5, 30, 61, 63, 86]=245
[16, 39, 59, 63, 68]=245
[8, 43, 54, 59, 81]=245
[9, 34, 37, 81, 84]=245
[26, 28, 47, 58, 86]=245
[12, 17, 71, 72, 73]=245
[21, 24, 44, 75, 81]=245
[12, 22, 50, 76, 85]=245
[13, 33, 48, 75, 76]=245
[33, 45, 53, 55, 59]=245
[8, 29, 60, 63, 85]=245
[19, 44, 50, 62, 70]=245
[5, 10, 58, 84, 88]=245
[29, 32, 51, 63, 70]=245
[3, 37, 61, 70, 74]=245
[7, 26, 59, 73, 80]=245
[5, 20, 67, 71, 83]=246
[9, 29, 56, 70, 82]=246
[25, 35, 42, 57, 87]=246
[6, 27, 60, 71, 82]=246
[9, 34, 50, 63, 90]=246
[30, 33, 40, 55, 88]=246
[37, 42, 44, 61, 62]=246
[22, 26, 43, 74, 81]=246
[4, 41, 55, 58, 88]=246
[36, 40, 42, 62, 66]=246
[1, 37, 43, 76, 89]=246
[14, 29, 30, 86, 87]=246
[28, 42, 54, 56, 66]=246
[22, 25, 59, 64, 76]=246
[23, 27, 33, 75, 88]=246
[5, 40, 42, 79, 80]=246
[7, 52, 58, 62, 67]=246
[8, 38, 62, 69, 70]=247
[3, 45, 56, 57, 86]=247
[7, 33, 35, 83, 89]=247
[19, 26, 53, 60, 89]=247
[18, 36, 49, 64, 80]=247
[27, 33, 39, 65, 83]=247
[4, 44, 47, 63, 89]=247
[3, 39, 40, 82, 83]=247
[12, 38, 62, 64, 71]=247
[22, 33, 45, 66, 81]=247
[11, 40, 44, 68, 84]=247
[2, 23, 67, 69, 86]=247
[4, 31, 45, 77, 90]=247
[18, 30, 57, 61, 81]=247
[28, 45, 49, 55, 70]=247
[3, 40, 58, 59, 87]=247
[20, 28, 35, 78, 86]=247
[4, 23, 62, 77, 81]=247
[30, 41, 45, 59, 72]=247
[11, 34, 52, 65, 85]=247
[13, 49, 52, 66, 67]=247
[13, 26, 45, 77, 86]=247
[9, 24, 54, 79, 82]=248
[4, 22, 68, 72, 82]=248
[11, 17, 69, 71, 80]=248
[7, 8, 69, 80, 84]=248
[12, 26, 69, 70, 71]=248
[8, 25, 64, 72, 79]=248
[11, 40, 45, 72, 80]=248
[19, 20, 56, 76, 77]=248
[5, 19, 49, 85, 90]=248
[21, 43, 44, 52, 88]=248
[1, 30, 60, 70, 87]=248
[22, 35, 43, 63, 85]=248
[22, 28, 40, 73, 85]=248
[1, 20, 61, 78, 88]=248
[7, 34, 46, 73, 88]=248
[31, 43, 49, 52, 73]=248
[37, 46, 49, 50, 66]=248
[29, 44, 46, 56, 73]=248
[19, 35, 38, 77, 79]=248
[20, 35, 47, 58, 88]=248
[2, 53, 55, 57, 81]=248
[11, 36, 50, 64, 87]=248
[31, 39, 41, 63, 74]=248
[10, 39, 54, 72, 73]=248
[3, 38, 59, 65, 83]=248
[20, 25, 56, 73, 74]=248
[17, 22, 47, 73, 90]=249
[23, 26, 27, 86, 87]=249
[24, 29, 53, 71, 72]=249
[1, 45, 60, 61, 82]=249
[8, 10, 70, 76, 85]=249
[10, 37, 48, 65, 89]=249
[15, 29, 45, 77, 83]=249
[6, 46, 59, 67, 71]=249
[26, 43, 54, 56, 70]=249
[20, 35, 48, 66, 80]=249
[16, 33, 44, 76, 80]=249
[16, 26, 52, 77, 78]=249
[12, 42, 61, 66, 68]=249
[7, 32, 60, 61, 89]=249
[5, 45, 58, 68, 73]=249
[11, 12, 57, 83, 86]=249
[1, 22, 67, 76, 83]=249
[32, 37, 50, 63, 67]=249
[25, 42, 45, 52, 86]=250
[27, 33, 38, 71, 81]=250
[31, 32, 44, 68, 75]=250
[23, 33, 34, 71, 89]=250
[13, 45, 48, 54, 90]=250
[6, 22, 65, 78, 79]=250
[21, 45, 47, 58, 79]=250
[8, 37, 59, 62, 84]=250
[1, 47, 50, 69, 83]=250
[16, 36, 60, 66, 72]=250
[3, 43, 45, 72, 87]=250
[10, 23, 66, 67, 84]=250
[29, 40, 51, 56, 74]=250
[36, 42, 53, 56, 63]=250
[20, 44, 54, 63, 69]=250
[12, 25, 39, 86, 88]=250
[4, 21, 51, 84, 90]=250
[38, 43, 48, 53, 69]=251
[1, 19, 70, 80, 81]=251
[1, 48, 61, 62, 79]=251
[27, 29, 47, 59, 89]=251
[34, 41, 56, 59, 61]=251
[19, 27, 51, 70, 84]=251
[13, 28, 52, 75, 83]=251
[21, 44, 53, 56, 77]=251
[17, 30, 54, 68, 82]=251
[10, 34, 54, 75, 78]=251
[29, 40, 51, 65, 66]=251
[27, 52, 53, 57, 62]=251
[11, 47, 56, 64, 73]=251
[21, 43, 56, 65, 66]=251
[19, 41, 57, 64, 70]=251
[26, 34, 35, 77, 79]=251
[2, 3, 72, 85, 89]=251
[15, 43, 48, 69, 76]=251
[10, 48, 53, 67, 73]=251
[19, 41, 51, 56, 84]=251
[17, 26, 38, 84, 86]=251
[20, 52, 55, 56, 68]=251
[3, 46, 52, 72, 78]=251
[20, 43, 46, 68, 74]=251
[10, 44, 58, 66, 73]=251
[25, 34, 49, 68, 75]=251
[14, 28, 60, 69, 80]=251
[4, 26, 62, 73, 86]=251
[22, 34, 50, 64, 81]=251
[32, 45, 49, 55, 70]=251
[17, 21, 64, 71, 78]=251
[18, 34, 58, 70, 71]=251
[31, 37, 53, 54, 76]=251
[12, 26, 65, 66, 83]=252
[9, 17, 69, 72, 85]=252
[1, 31, 55, 77, 88]=252
[20, 26, 59, 72, 75]=252
[15, 37, 39, 80, 81]=252
[17, 32, 34, 82, 87]=252
[28, 30, 31, 77, 86]=252
[29, 41, 51, 65, 66]=252
[10, 25, 60, 78, 79]=252
[3, 19, 71, 76, 83]=252
[14, 31, 64, 66, 77]=252
[22, 36, 53, 54, 87]=252
[7, 28, 65, 71, 81]=252
[8, 26, 39, 89, 90]=252
[8, 49, 53, 64, 78]=252
[16, 35, 57, 70, 74]=252
[4, 41, 50, 71, 86]=252
[2, 46, 58, 68, 78]=252
[16, 51, 56, 63, 66]=252
[35, 38, 43, 56, 80]=252
[1, 49, 64, 67, 71]=252
[15, 41, 50, 71, 76]=253
[10, 53, 54, 65, 71]=253
[11, 36, 38, 79, 89]=253
[19, 27, 40, 80, 87]=253
[18, 38, 41, 67, 89]=253
[13, 19, 66, 77, 78]=253
[32, 41, 53, 59, 68]=253
[13, 47, 50, 67, 76]=253
[4, 35, 50, 80, 84]=253
[12, 46, 55, 69, 71]=253
[20, 25, 31, 87, 90]=253
[13, 31, 59, 64, 86]=253
[3, 25, 67, 69, 89]=253
[13, 41, 52, 71, 76]=253
[19, 38, 43, 63, 90]=253
[21, 42, 47, 69, 74]=253
[6, 30, 51, 79, 87]=253
[25, 36, 44, 58, 90]=253
[35, 39, 45, 47, 87]=253
[33, 34, 51, 64, 71]=253
[23, 28, 56, 69, 77]=253
[27, 32, 37, 73, 85]=254
[8, 35, 60, 67, 84]=254
[2, 13, 72, 83, 84]=254
[11, 30, 63, 66, 84]=254
[25, 38, 51, 55, 85]=254
[28, 38, 47, 62, 79]=254
[23, 31, 42, 73, 85]=254
[27, 31, 54, 66, 76]=254
[16, 45, 51, 52, 90]=254
[27, 29, 49, 72, 77]=254
[14, 46, 50, 68, 76]=254
[31, 44, 52, 54, 73]=254
[23, 32, 48, 61, 90]=254
[19, 31, 49, 74, 81]=254
[20, 43, 47, 57, 87]=254
[11, 17, 48, 88, 90]=254
[14, 18, 68, 76, 78]=254
[44, 47, 48, 55, 60]=254
[3, 16, 74, 75, 86]=254
[20, 42, 52, 53, 87]=254
[13, 21, 60, 71, 89]=254
[3, 27, 72, 75, 78]=255
[15, 26, 51, 74, 89]=255
[17, 20, 59, 78, 81]=255
[14, 32, 53, 70, 86]=255
[7, 49, 63, 64, 72]=255
[13, 51, 55, 62, 74]=255
[26, 31, 53, 72, 73]=255
[15, 43, 54, 69, 74]=255
[27, 34, 53, 55, 86]=255
[5, 18, 73, 76, 83]=255
[15, 28, 54, 78, 80]=255
[8, 38, 65, 67, 77]=255
[14, 29, 57, 66, 89]=255
[17, 52, 53, 58, 75]=255
[2, 21, 73, 74, 85]=255
[8, 32, 51, 77, 87]=255
[7, 47, 50, 72, 79]=255
[11, 33, 65, 68, 78]=255
[14, 42, 53, 67, 79]=255
[25, 46, 52, 57, 75]=255
[1, 39, 58, 70, 87]=255
[10, 38, 51, 67, 89]=255
[28, 29, 48, 65, 86]=256
[21, 32, 61, 65, 77]=256
[2, 39, 69, 72, 74]=256
[2, 50, 55, 65, 84]=256
[8, 24, 51, 86, 87]=256
[37, 45, 48, 52, 74]=256
[11, 27, 69, 72, 77]=256
[20, 40, 52, 54, 90]=256
[25, 42, 48, 54, 87]=256
[12, 43, 58, 69, 74]=256
[13, 42, 51, 66, 84]=256
[5, 47, 51, 72, 81]=256
[10, 19, 71, 76, 80]=256
[14, 31, 57, 69, 85]=256
[8, 52, 55, 65, 76]=256
[23, 28, 62, 64, 79]=256
[17, 29, 67, 71, 72]=256
[19, 32, 52, 72, 81]=256
[13, 29, 66, 71, 77]=256
[15, 43, 62, 66, 70]=256
[15, 50, 57, 64, 70]=256
[13, 15, 67, 79, 82]=256
[24, 31, 57, 66, 78]=256
[35, 45, 50, 62, 65]=257
[16, 31, 58, 75, 77]=257
[15, 17, 63, 72, 90]=257
[25, 29, 48, 66, 89]=257
[22, 31, 53, 67, 84]=257
[14, 24, 64, 74, 81]=257
[18, 42, 45, 72, 80]=257
[24, 48, 50, 55, 80]=257
[7, 44, 46, 77, 83]=257
[25, 35, 37, 74, 86]=257
[25, 42, 48, 52, 90]=257
[1, 35, 61, 77, 83]=257
[35, 46, 51, 56, 69]=257
[19, 21, 52, 82, 83]=257
[11, 13, 66, 80, 87]=257
[27, 33, 52, 72, 73]=257
[1, 46, 59, 69, 82]=257
[11, 41, 61, 68, 76]=257
[15, 27, 64, 74, 77]=257
[18, 28, 57, 72, 82]=257
[32, 38, 44, 71, 72]=257
[16, 18, 60, 75, 88]=257
[6, 47, 57, 72, 75]=257
[23, 27, 45, 76, 86]=257
[27, 40, 55, 65, 70]=257
[20, 24, 41, 84, 88]=257
[18, 24, 51, 74, 90]=257
[9, 33, 50, 79, 86]=257
[12, 18, 67, 78, 82]=257
[6, 34, 52, 82, 83]=257
[5, 16, 70, 82, 85]=258
[10, 29, 62, 74, 83]=258
[11, 25, 57, 79, 86]=258
[3, 40, 57, 75, 83]=258
[16, 43, 56, 57, 86]=258
[33, 38, 46, 67, 74]=258
[11, 22, 73, 75, 77]=258
[29, 47, 57, 62, 63]=258
[35, 42, 49, 54, 78]=258
[2, 43, 56, 67, 90]=258
[36, 40, 45, 56, 81]=258
[25, 43, 48, 61, 81]=258
[1, 35, 59, 79, 84]=258
[33, 40, 42, 69, 74]=258
[29, 45, 49, 61, 74]=258
[15, 21, 67, 75, 81]=259
[31, 52, 55, 59, 62]=259
[20, 33, 51, 76, 79]=259
[10, 29, 60, 74, 86]=259
[6, 30, 68, 74, 81]=259
[28, 40, 58, 64, 69]=259
[14, 26, 59, 75, 85]=259
[7, 23, 72, 76, 81]=259
[10, 46, 59, 63, 81]=259
[20, 36, 44, 71, 88]=259
[20, 22, 49, 78, 90]=259
[25, 34, 56, 59, 85]=259
[10, 22, 72, 75, 80]=259
[17, 30, 60, 70, 82]=259
[37, 38, 58, 59, 68]=260
[38, 43, 48, 57, 74]=260
[14, 27, 64, 70, 85]=260
[15, 17, 68, 71, 89]=260
[3, 29, 66, 79, 83]=260
[26, 37, 53, 65, 79]=260
[7, 50, 58, 60, 85]=260
[24, 30, 40, 81, 85]=260
[26, 37, 40, 72, 85]=260
[7, 32, 63, 77, 81]=260
[1, 34, 64, 73, 88]=260
[13, 34, 67, 68, 78]=260
[21, 35, 45, 70, 89]=260
[21, 39, 56, 58, 86]=260
[8, 19, 63, 80, 90]=260
[11, 21, 68, 79, 81]=260
[16, 20, 53, 85, 86]=260
[7, 44, 55, 66, 88]=260
[4, 37, 62, 72, 85]=260
[16, 24, 57, 77, 86]=260
[10, 34, 47, 84, 85]=260
[24, 34, 52, 74, 76]=260
[10, 19, 65, 80, 86]=260
[24, 46, 47, 53, 90]=260
[22, 48, 57, 66, 67]=260
[12, 42, 44, 78, 84]=260
[25, 37, 51, 60, 87]=260
[22, 34, 47, 77, 80]=260
[19, 23, 52, 77, 89]=260
[12, 15, 69, 80, 84]=260
[37, 40, 48, 65, 70]=260
[30, 31, 39, 78, 83]=261
[2, 34, 66, 77, 82]=261
[9, 35, 42, 87, 88]=261
[26, 43, 57, 64, 71]=261
[38, 47, 49, 58, 69]=261
[15, 34, 50, 78, 84]=261
[28, 39, 55, 68, 71]=261
[35, 47, 49, 64, 66]=261
[10, 16, 72, 80, 83]=261
[21, 36, 38, 81, 85]=261
[27, 36, 46, 67, 85]=261
[23, 33, 51, 74, 80]=261
[7, 34, 69, 70, 81]=261
[2, 57, 66, 67, 69]=261
[10, 34, 54, 80, 83]=261
[23, 31, 56, 66, 85]=261
[19, 40, 51, 75, 76]=261
[15, 46, 59, 60, 81]=261
[32, 34, 37, 72, 86]=261
[11, 20, 71, 79, 80]=261
[15, 42, 48, 75, 81]=261
[14, 42, 46, 77, 82]=261
[41, 47, 49, 59, 65]=261
[3, 19, 65, 86, 88]=261
[9, 45, 53, 74, 80]=261
[28, 34, 54, 62, 84]=262
[25, 36, 38, 79, 84]=262
[8, 29, 59, 77, 89]=262
[5, 31, 64, 76, 86]=262
[25, 27, 54, 72, 84]=262
[17, 29, 64, 70, 82]=262
[19, 28, 56, 72, 87]=262
[2, 19, 69, 85, 87]=262
[30, 35, 40, 75, 82]=262
[13, 34, 64, 69, 82]=262
[32, 39, 55, 67, 69]=262
[29, 34, 44, 74, 81]=262
[28, 38, 45, 68, 83]=262
[18, 42, 62, 69, 71]=262
[14, 23, 57, 82, 86]=262
[22, 35, 54, 64, 87]=262
[22, 32, 51, 75, 83]=263
[22, 36, 63, 68, 74]=263
[22, 23, 51, 78, 89]=263
[16, 42, 63, 65, 77]=263
[8, 45, 58, 72, 80]=263
[2, 34, 67, 77, 83]=263
[15, 26, 54, 83, 85]=263
[22, 29, 56, 73, 83]=263
[17, 19, 68, 74, 85]=263
[13, 23, 67, 77, 83]=263
[34, 42, 53, 54, 80]=263
[28, 41, 52, 57, 86]=264
[24, 45, 54, 65, 76]=264
[20, 44, 52, 65, 83]=264
[17, 18, 66, 73, 90]=264
[30, 42, 61, 65, 66]=264
[17, 57, 59, 60, 71]=264
[13, 44, 47, 79, 81]=264
[38, 42, 48, 51, 85]=264
[16, 47, 59, 62, 80]=264
[1, 56, 59, 64, 84]=264
[15, 32, 60, 72, 85]=264
[1, 49, 53, 75, 86]=264
[17, 35, 58, 67, 87]=264
[26, 32, 56, 64, 86]=264
[24, 28, 68, 70, 74]=264
[34, 38, 43, 60, 89]=264
[34, 38, 42, 73, 77]=264
[38, 48, 54, 56, 68]=264
[1, 42, 48, 86, 88]=265
[19, 53, 60, 66, 67]=265
[15, 38, 66, 70, 76]=265
[4, 43, 61, 77, 80]=265
[9, 33, 61, 72, 90]=265
[24, 50, 54, 60, 77]=265
[27, 32, 35, 82, 89]=265
[2, 45, 62, 66, 90]=265
[29, 39, 51, 64, 82]=265
[12, 24, 66, 77, 86]=265
[7, 35, 68, 75, 80]=265
[29, 44, 51, 52, 89]=265
[1, 38, 71, 75, 80]=265
[39, 46, 49, 59, 72]=265
[10, 43, 49, 74, 89]=265
[27, 31, 58, 66, 83]=265
[4, 19, 73, 82, 87]=265
[13, 44, 47, 75, 86]=265
[9, 43, 53, 79, 81]=265
[31, 33, 54, 62, 85]=265
[19, 55, 56, 58, 77]=265
[18, 31, 69, 70, 77]=265
[37, 41, 58, 60, 69]=265
[24, 31, 67, 71, 73]=266
[18, 20, 61, 77, 90]=266
[12, 36, 61, 69, 88]=266
[32, 35, 54, 68, 77]=266
[30, 39, 55, 57, 85]=266
[36, 44, 47, 49, 90]=266
[33, 34, 56, 62, 81]=266
[25, 41, 46, 70, 84]=266
[32, 41, 51, 65, 77]=266
[7, 26, 70, 76, 87]=266
[14, 45, 53, 65, 89]=266
[33, 42, 48, 64, 79]=266
[7, 14, 69, 86, 90]=266
[33, 38, 39, 75, 81]=266
[8, 29, 53, 87, 89]=266
[40, 42, 51, 58, 75]=266
[14, 43, 49, 76, 85]=267
[22, 23, 50, 82, 90]=267
[21, 33, 59, 71, 83]=267
[16, 48, 49, 71, 83]=267
[5, 27, 59, 87, 89]=267
[29, 38, 59, 66, 75]=267
[6, 41, 68, 71, 81]=267
[8, 37, 68, 74, 80]=267
[26, 27, 59, 76, 79]=267
[2, 42, 70, 71, 82]=267
[13, 46, 56, 73, 79]=267
[20, 37, 64, 68, 78]=267
[9, 51, 59, 73, 75]=267
[16, 54, 55, 63, 79]=267
[1, 50, 66, 73, 77]=267
[14, 33, 60, 78, 83]=268
[17, 21, 70, 77, 83]=268
[18, 33, 53, 75, 89]=268
[5, 44, 63, 73, 83]=268
[36, 46, 55, 59, 72]=268
[25, 43, 56, 66, 78]=268
[35, 47, 50, 55, 81]=268
[5, 52, 53, 77, 81]=268
[24, 37, 60, 69, 78]=268
[4, 31, 62, 82, 89]=268
[30, 39, 46, 73, 80]=268
[3, 39, 69, 76, 81]=268
[24, 32, 40, 83, 89]=268
[23, 33, 57, 73, 82]=268
[13, 41, 47, 80, 87]=268
[34, 38, 45, 62, 90]=269
[1, 45, 64, 73, 86]=269
[6, 52, 57, 68, 86]=269
[16, 43, 48, 76, 86]=269
[16, 22, 62, 79, 90]=269
[6, 57, 60, 67, 79]=269
[25, 33, 48, 79, 84]=269
[39, 43, 53, 64, 70]=269
[16, 46, 51, 73, 83]=269
[17, 41, 59, 68, 84]=269
[34, 36, 54, 58, 87]=269
[2, 49, 69, 71, 78]=269
[28, 46, 58, 59, 78]=269
[21, 22, 56, 84, 86]=269
[1, 51, 66, 68, 83]=269
[13, 40, 49, 82, 85]=269
[6, 31, 66, 79, 87]=269
[22, 28, 59, 72, 89]=270
[4, 41, 56, 84, 85]=270
[15, 22, 63, 81, 89]=270
[21, 45, 52, 69, 83]=270
[34, 44, 55, 62, 75]=270
[31, 44, 55, 67, 73]=270
[9, 28, 56, 87, 90]=270
[3, 52, 64, 74, 77]=270
[11, 57, 58, 68, 76]=270
[29, 40, 60, 69, 72]=270
[23, 42, 56, 72, 77]=270
[16, 43, 54, 78, 79]=270
[13, 41, 43, 85, 88]=270
[40, 42, 52, 61, 75]=270
[19, 46, 58, 65, 82]=270
[40, 48, 59, 60, 64]=271
[33, 43, 58, 60, 77]=271
[47, 51, 53, 57, 63]=271
[28, 38, 55, 68, 82]=271
[35, 44, 56, 66, 70]=271
[31, 37, 44, 73, 86]=271
[1, 52, 67, 68, 83]=271
[10, 17, 78, 81, 85]=271
[41, 50, 57, 61, 62]=271
[31, 54, 58, 59, 69]=271
[34, 39, 55, 62, 81]=271
[6, 25, 70, 82, 88]=271
[39, 50, 51, 59, 72]=271
[24, 44, 60, 64, 79]=271
[1, 21, 76, 86, 87]=271
[23, 44, 51, 71, 82]=271
[9, 16, 78, 83, 86]=272
[10, 42, 60, 78, 82]=272
[15, 37, 51, 83, 86]=272
[27, 43, 53, 74, 75]=272
[11, 30, 60, 83, 88]=272
[2, 23, 76, 82, 89]=272
[16, 38, 58, 73, 87]=272
[22, 50, 54, 57, 89]=272
[31, 34, 43, 74, 90]=272
[10, 37, 51, 84, 90]=272
[9, 46, 66, 67, 84]=272
[14, 34, 67, 69, 88]=272
[12, 18, 72, 80, 90]=272
[14, 15, 71, 84, 88]=272
[16, 26, 56, 86, 88]=272
[14, 49, 52, 71, 86]=272
[15, 25, 65, 77, 90]=272
[22, 23, 67, 79, 81]=272
[4, 41, 70, 74, 83]=272
[13, 52, 56, 75, 76]=272
[24, 26, 57, 75, 90]=272
[6, 35, 73, 76, 82]=272
[28, 48, 57, 66, 73]=272
[38, 39, 40, 73, 83]=273
[24, 52, 58, 61, 78]=273
[20, 27, 63, 81, 82]=273
[8, 46, 56, 79, 84]=273
[39, 43, 51, 63, 77]=273
[11, 17, 68, 88, 89]=273
[7, 41, 70, 71, 84]=273
[5, 47, 62, 75, 84]=273
[29, 35, 50, 72, 87]=273
[14, 33, 70, 73, 83]=273
[25, 29, 68, 71, 80]=273
[30, 45, 50, 68, 80]=273
[34, 37, 60, 64, 78]=273
[24, 46, 48, 70, 85]=273
[5, 41, 62, 82, 83]=273
[18, 47, 55, 71, 82]=273
[4, 49, 54, 76, 90]=273
[36, 46, 49, 68, 74]=273
[1, 53, 68, 73, 78]=273
[16, 55, 60, 67, 76]=274
[32, 37, 48, 70, 87]=274
[13, 33, 73, 77, 78]=274
[30, 41, 57, 62, 84]=274
[20, 32, 69, 75, 78]=274
[6, 37, 66, 77, 88]=274
[37, 47, 53, 62, 75]=274
[26, 49, 62, 63, 74]=274
[17, 41, 52, 77, 87]=274
[12, 31, 58, 85, 88]=274
[17, 50, 58, 65, 84]=274
[14, 18, 67, 87, 88]=274
[5, 17, 77, 86, 89]=274
[13, 47, 66, 73, 75]=274
[42, 47, 50, 65, 70]=274
[31, 34, 56, 69, 84]=274
[4, 31, 72, 82, 85]=274
[34, 43, 51, 67, 80]=275
[3, 59, 63, 66, 84]=275
[4, 44, 65, 73, 89]=275
[20, 44, 52, 74, 85]=275
[25, 42, 48, 73, 87]=275
[5, 39, 63, 80, 88]=275
[32, 41, 44, 76, 82]=275
[23, 37, 58, 72, 85]=275
[22, 51, 54, 73, 75]=275
[14, 38, 47, 87, 89]=275
[9, 51, 52, 79, 84]=275
[8, 50, 64, 67, 86]=275
[6, 33, 73, 76, 87]=275
[7, 41, 53, 86, 88]=275
[3, 50, 60, 77, 85]=275
[22, 45, 67, 68, 73]=275
[31, 44, 46, 71, 84]=276
[21, 43, 62, 66, 84]=276
[12, 37, 62, 82, 83]=276
[15, 52, 55, 71, 83]=276
[26, 34, 66, 67, 83]=276
[15, 48, 65, 67, 81]=276
[39, 49, 52, 66, 70]=276
[13, 51, 69, 71, 72]=276
[30, 33, 57, 73, 83]=276
[24, 46, 62, 64, 80]=276
[20, 33, 52, 82, 89]=276
[9, 46, 56, 81, 84]=276
[29, 39, 54, 64, 90]=276
[6, 22, 71, 88, 90]=277
[41, 45, 51, 54, 86]=277
[24, 36, 63, 70, 84]=277
[29, 40, 46, 72, 90]=277
[1, 56, 69, 75, 76]=277
[27, 36, 57, 71, 86]=277
[32, 41, 59, 66, 79]=277
[12, 60, 66, 67, 72]=277
[10, 43, 59, 80, 85]=277
[30, 42, 63, 64, 78]=277
[25, 43, 62, 63, 84]=277
[6, 33, 73, 77, 88]=277
[21, 42, 54, 73, 87]=277
[42, 45, 59, 62, 69]=277
[40, 43, 50, 61, 83]=277
[11, 53, 68, 72, 73]=277
[28, 31, 47, 84, 87]=277
[23, 29, 68, 71, 86]=277
[10, 39, 71, 76, 81]=277
[17, 29, 74, 76, 82]=278
[26, 39, 41, 84, 88]=278
[9, 18, 76, 85, 90]=278
[4, 51, 66, 74, 83]=278
[25, 27, 73, 76, 77]=278
[38, 57, 58, 62, 63]=278
[5, 24, 77, 84, 88]=278
[23, 50, 55, 67, 83]=278
[16, 37, 71, 72, 82]=278
[14, 36, 63, 76, 89]=278
[23, 25, 60, 81, 89]=278
[16, 40, 54, 82, 86]=278
[19, 29, 69, 72, 89]=278
[14, 55, 66, 67, 76]=278
[15, 45, 62, 78, 79]=279
[40, 47, 52, 57, 83]=279
[5, 40, 66, 81, 87]=279
[33, 42, 50, 69, 85]=279
[27, 48, 61, 63, 80]=279
[16, 50, 66, 73, 74]=279
[18, 37, 64, 78, 82]=279
[23, 41, 55, 76, 84]=279
[40, 41, 47, 68, 83]=279
[25, 45, 57, 74, 78]=279
[33, 41, 45, 77, 83]=279
[26, 35, 65, 74, 79]=279
[9, 50, 67, 75, 78]=279
[20, 24, 71, 77, 87]=279
[12, 21, 77, 84, 85]=279
[28, 47, 58, 72, 75]=280
[14, 23, 72, 85, 86]=280
[38, 45, 56, 63, 78]=280
[19, 37, 49, 86, 89]=280
[32, 45, 55, 70, 78]=280
[26, 35, 59, 77, 83]=280
[31, 37, 64, 70, 78]=280
[36, 48, 62, 65, 69]=280
[7, 45, 57, 83, 88]=280
[35, 49, 56, 65, 75]=280
[38, 42, 44, 76, 80]=280
[8, 57, 63, 75, 77]=280
[8, 47, 50, 87, 89]=281
[27, 31, 47, 87, 89]=281
[21, 36, 68, 69, 87]=281
[20, 24, 61, 86, 90]=281
[2, 54, 66, 78, 81]=281
[13, 63, 65, 66, 74]=281
[22, 52, 65, 66, 76]=281
[2, 57, 63, 70, 89]=281
[17, 42, 61, 79, 82]=281
[21, 39, 50, 82, 89]=281
[29, 44, 48, 72, 88]=281
[16, 38, 54, 84, 90]=282
[37, 45, 59, 65, 76]=282
[7, 22, 79, 86, 88]=282
[13, 49, 66, 75, 79]=282
[5, 30, 72, 87, 88]=282
[31, 32, 54, 76, 89]=282
[23, 47, 61, 69, 82]=282
[3, 49, 64, 76, 90]=282
[1, 47, 58, 86, 90]=282
[19, 57, 59, 73, 74]=282
[17, 54, 60, 61, 90]=282
[28, 47, 61, 72, 74]=282
[19, 48, 51, 78, 86]=282
[3, 58, 62, 79, 80]=282
[19, 38, 51, 84, 90]=282
[25, 39, 53, 75, 90]=282
[3, 45, 66, 81, 87]=282
[23, 51, 52, 75, 81]=282
[18, 57, 65, 70, 72]=282
[20, 49, 50, 79, 84]=282
[22, 31, 66, 77, 86]=282
[27, 38, 62, 72, 83]=282
[42, 44, 49, 70, 78]=283
[40, 54, 60, 64, 65]=283
[27, 33, 66, 76, 81]=283
[24, 48, 60, 66, 85]=283
[15, 37, 65, 79, 87]=283
[13, 38, 71, 76, 85]=283
[36, 51, 60, 67, 69]=283
[11, 54, 55, 79, 84]=283
[9, 26, 77, 84, 87]=283
[1, 48, 71, 74, 89]=283
[23, 42, 45, 84, 89]=283
[24, 34, 54, 81, 90]=283
[31, 53, 57, 60, 83]=284
[13, 47, 68, 70, 86]=284
[31, 37, 66, 73, 77]=284
[27, 52, 54, 61, 90]=284
[32, 47, 57, 66, 82]=284
[33, 36, 59, 76, 80]=284
[47, 53, 54, 56, 74]=284
[37, 43, 50, 70, 84]=284
[16, 41, 65, 80, 82]=284
[44, 45, 49, 56, 90]=284
[29, 43, 63, 68, 81]=284
[7, 53, 65, 73, 87]=285
[11, 59, 61, 74, 80]=285
[2, 60, 66, 73, 84]=285
[20, 32, 71, 78, 84]=285
[6, 35, 73, 81, 90]=285
[10, 52, 61, 78, 84]=285
[25, 36, 61, 81, 82]=285
[8, 47, 65, 77, 88]=285
[28, 48, 63, 72, 74]=285
[23, 55, 66, 67, 74]=285
[21, 49, 62, 63, 90]=285
[21, 33, 68, 75, 89]=286
[8, 50, 69, 72, 87]=286
[18, 42, 54, 83, 89]=286
[32, 47, 55, 74, 78]=286
[21, 46, 52, 80, 87]=286
[14, 52, 60, 70, 90]=286
[36, 51, 61, 65, 73]=286
[28, 36, 68, 74, 80]=286
[8, 59, 62, 76, 81]=286
[23, 32, 70, 80, 81]=286
[18, 29, 67, 85, 87]=286
[3, 46, 74, 76, 87]=286
[16, 46, 63, 80, 81]=286
[35, 44, 49, 72, 86]=286
[22, 56, 58, 64, 86]=286
[39, 40, 48, 74, 85]=286
[19, 49, 65, 71, 82]=286
[29, 47, 49, 71, 90]=286
[21, 32, 73, 77, 83]=286
[31, 45, 65, 71, 74]=286
[28, 44, 48, 78, 88]=286
[10, 18, 83, 87, 89]=287
[14, 54, 60, 78, 81]=287
[18, 36, 65, 79, 89]=287
[36, 40, 52, 79, 80]=287
[18, 35, 56, 88, 90]=287
[30, 42, 60, 75, 80]=287
[19, 52, 63, 72, 81]=287
[23, 40, 62, 77, 85]=287
[10, 51, 72, 73, 81]=287
[26, 39, 64, 71, 87]=287
[5, 46, 61, 85, 90]=287
[17, 36, 71, 73, 90]=287
[21, 38, 68, 70, 90]=287
[20, 55, 64, 73, 75]=287
[17, 45, 53, 86, 87]=288
[34, 36, 59, 69, 90]=288
[32, 43, 60, 74, 79]=288
[26, 39, 70, 71, 82]=288
[29, 55, 64, 66, 74]=288
[23, 51, 70, 71, 73]=288
[21, 50, 59, 78, 80]=288
[30, 50, 55, 76, 77]=288
[24, 32, 75, 77, 80]=288
[28, 46, 61, 63, 90]=288
[12, 28, 81, 82, 85]=288
[14, 53, 65, 74, 82]=288
[40, 51, 60, 66, 71]=288
[22, 29, 64, 83, 90]=288
[17, 40, 72, 76, 83]=288
[18, 57, 62, 75, 77]=289
[29, 51, 61, 62, 86]=289
[44, 46, 50, 68, 81]=289
[41, 52, 54, 55, 87]=289
[31, 53, 60, 63, 82]=289
[23, 37, 63, 81, 85]=289
[23, 34, 69, 79, 84]=289
[35, 49, 64, 69, 72]=289
[37, 43, 60, 66, 83]=289
[5, 47, 70, 80, 87]=289
[30, 47, 67, 70, 75]=289
[21, 53, 59, 71, 86]=290
[15, 21, 78, 87, 89]=290
[23, 45, 62, 74, 86]=290
[30, 44, 53, 77, 86]=290
[16, 45, 52, 87, 90]=290
[21, 32, 64, 84, 89]=290
[9, 48, 59, 84, 90]=290
[35, 36, 52, 81, 86]=290
[10, 64, 68, 73, 75]=290
[40, 42, 47, 76, 85]=290
[32, 33, 68, 73, 84]=290
[37, 46, 53, 73, 81]=290
[26, 49, 64, 65, 86]=290
[13, 49, 71, 77, 80]=290
[8, 65, 67, 69, 82]=291
[20, 56, 63, 68, 84]=291
[38, 55, 65, 66, 67]=291
[39, 58, 61, 62, 71]=291
[17, 53, 60, 79, 82]=291
[34, 47, 55, 65, 90]=291
[43, 54, 63, 65, 66]=291
[35, 41, 64, 75, 76]=291
[41, 51, 58, 65, 76]=291
[13, 44, 63, 85, 86]=291
[48, 51, 58, 65, 69]=291
[14, 43, 59, 85, 90]=291
[30, 57, 58, 61, 86]=292
[39, 40, 68, 72, 73]=292
[22, 42, 62, 82, 84]=292
[43, 45, 56, 66, 82]=292
[46, 50, 58, 62, 76]=292
[41, 47, 59, 71, 74]=292
[26, 30, 69, 82, 85]=292
[12, 59, 62, 69, 90]=292
[21, 34, 68, 80, 89]=292
[23, 56, 61, 63, 89]=292
[35, 43, 61, 67, 86]=292
[28, 47, 65, 68, 84]=292
[38, 57, 61, 67, 69]=292
[16, 45, 74, 78, 79]=292
[26, 49, 59, 76, 82]=292
[21, 42, 71, 75, 83]=292
[33, 54, 66, 68, 72]=293
[38, 39, 52, 79, 85]=293
[14, 65, 67, 70, 77]=293
[34, 58, 61, 65, 75]=293
[11, 54, 61, 81, 86]=293
[8, 62, 65, 78, 80]=293
[26, 53, 61, 70, 83]=293
[36, 52, 60, 69, 76]=293
[20, 53, 59, 72, 89]=293
[12, 60, 67, 70, 85]=294
[14, 58, 59, 78, 85]=294
[16, 50, 74, 76, 78]=294
[3, 53, 73, 76, 89]=294
[11, 27, 84, 85, 87]=294
[4, 40, 79, 85, 86]=294
[6, 53, 69, 80, 86]=294
[42, 46, 58, 68, 80]=294
[14, 32, 73, 87, 88]=294
[35, 59, 62, 66, 72]=294
[3, 56, 61, 85, 89]=294
[22, 49, 54, 81, 88]=294
[2, 61, 69, 78, 84]=294
[38, 42, 67, 71, 76]=294
[18, 47, 65, 75, 89]=294
[23, 59, 66, 72, 74]=294
[39, 46, 47, 78, 85]=295
[30, 55, 59, 71, 80]=295
[47, 48, 51, 66, 83]=295
[34, 42, 55, 79, 85]=295
[28, 35, 69, 81, 82]=295
[23, 36, 71, 79, 86]=295
[10, 32, 82, 84, 87]=295
[16, 42, 71, 76, 90]=295
[9, 50, 72, 76, 89]=296
[33, 45, 57, 73, 88]=296
[34, 41, 61, 76, 84]=296
[16, 60, 65, 77, 78]=296
[29, 58, 62, 70, 77]=296
[26, 60, 61, 67, 82]=296
[43, 47, 59, 63, 84]=296
[50, 56, 57, 59, 74]=296
[15, 50, 64, 79, 88]=296
[35, 47, 57, 71, 86]=296
[29, 32, 75, 77, 83]=296
[32, 37, 53, 84, 90]=296
[13, 60, 64, 69, 90]=296
[24, 43, 62, 82, 85]=296
[48, 56, 58, 65, 70]=297
[40, 46, 63, 71, 77]=297
[16, 30, 81, 83, 87]=297
[54, 56, 57, 59, 71]=297
[12, 55, 71, 74, 85]=297
[12, 62, 69, 72, 82]=297
[39, 55, 58, 71, 74]=297
[23, 36, 68, 83, 87]=297
[27, 60, 62, 66, 82]=297
[10, 58, 60, 82, 87]=297
[50, 53, 54, 61, 79]=297
[30, 52, 56, 76, 83]=297
[39, 42, 47, 81, 89]=298
[28, 38, 65, 77, 90]=298
[11, 64, 71, 72, 80]=298
[32, 49, 53, 78, 86]=298
[33, 47, 64, 71, 83]=298
[39, 54, 58, 73, 74]=298
[29, 47, 71, 74, 77]=298
[30, 52, 68, 69, 79]=298
[29, 41, 68, 78, 82]=298
[29, 42, 72, 73, 82]=298
[33, 58, 64, 66, 77]=298
[33, 54, 64, 66, 81]=298
[4, 66, 68, 76, 84]=298
[40, 43, 54, 80, 81]=298
[29, 35, 64, 83, 87]=298
[19, 61, 62, 74, 82]=298
[38, 41, 51, 83, 85]=298
[33, 46, 49, 82, 88]=298
[10, 57, 70, 75, 87]=299
[39, 45, 57, 77, 81]=299
[31, 46, 70, 74, 78]=299
[36, 44, 47, 83, 89]=299
[17, 60, 66, 71, 85]=299
[6, 56, 71, 81, 85]=299
[36, 50, 51, 80, 82]=299
[9, 42, 78, 84, 86]=299
[2, 49, 79, 81, 88]=299
[3, 59, 72, 75, 90]=299
[25, 35, 75, 79, 85]=299
[22, 25, 82, 83, 87]=299
[24, 54, 64, 77, 80]=299
[7, 63, 69, 76, 85]=300
[28, 33, 65, 86, 88]=300
[4, 56, 74, 77, 89]=300
[42, 51, 56, 63, 88]=300
[15, 61, 67, 71, 86]=300
[8, 61, 73, 74, 84]=300
[23, 44, 60, 83, 90]=300
[30, 45, 66, 79, 80]=300
[42, 50, 58, 74, 76]=300
[22, 34, 68, 87, 89]=300
[37, 44, 68, 75, 76]=300
[26, 56, 65, 69, 84]=300
[20, 36, 74, 80, 90]=300
[16, 51, 69, 78, 87]=301
[31, 44, 71, 73, 82]=301
[55, 56, 58, 61, 71]=301
[42, 54, 62, 68, 75]=301
[36, 45, 56, 76, 88]=301
[46, 47, 55, 73, 80]=301
[32, 40, 65, 76, 88]=301
[3, 64, 73, 78, 84]=302
[18, 55, 56, 83, 90]=302
[10, 61, 71, 77, 83]=302
[47, 56, 62, 67, 70]=302
[11, 54, 72, 79, 86]=302
[30, 33, 73, 82, 84]=302
[37, 42, 63, 77, 83]=302
[13, 66, 71, 75, 77]=302
[13, 33, 84, 85, 87]=302
[4, 62, 73, 79, 84]=302
[35, 48, 60, 70, 89]=302
[38, 43, 61, 73, 87]=302
[28, 50, 64, 79, 82]=303
[24, 51, 72, 77, 79]=303
[24, 58, 67, 70, 84]=303
[17, 58, 66, 79, 84]=304
[32, 50, 68, 69, 85]=304
[15, 57, 73, 78, 81]=304
[25, 56, 57, 81, 86]=305
[40, 44, 62, 75, 84]=305
[28, 55, 57, 82, 83]=305
[26, 50, 66, 74, 89]=305
[30, 54, 62, 76, 83]=305
[17, 62, 64, 79, 83]=305
[4, 61, 73, 79, 88]=305
[23, 45, 71, 76, 90]=305
[3, 70, 73, 77, 82]=305
[45, 52, 59, 69, 81]=306
[11, 62, 69, 74, 90]=306
[8, 43, 78, 87, 90]=306
[50, 53, 64, 68, 71]=306
[19, 49, 69, 83, 86]=306
[37, 53, 58, 69, 89]=306
[17, 56, 65, 79, 89]=306
[43, 45, 64, 74, 80]=306
[51, 53, 55, 65, 82]=306
[31, 55, 65, 69, 86]=306
[35, 50, 52, 83, 86]=306
[29, 54, 63, 78, 83]=307
[42, 48, 57, 73, 87]=307
[16, 40, 77, 86, 88]=307
[29, 40, 62, 86, 90]=307
[29, 40, 69, 79, 90]=307
[39, 47, 55, 76, 90]=307
[15, 55, 65, 84, 88]=307
[28, 44, 57, 88, 90]=307
[47, 48, 56, 67, 90]=308
[27, 49, 72, 79, 81]=308
[52, 55, 56, 64, 81]=308
[40, 58, 66, 69, 75]=308
[40, 56, 64, 68, 80]=308
[29, 58, 63, 73, 85]=308
[10, 50, 75, 86, 87]=308
[43, 44, 63, 74, 84]=308
[29, 37, 74, 81, 87]=308
[24, 58, 63, 76, 87]=308
[13, 60, 72, 75, 88]=308
[38, 51, 64, 74, 81]=308
[19, 51, 65, 84, 89]=308
[30, 54, 55, 81, 89]=309
[32, 55, 61, 73, 88]=309
[13, 70, 72, 76, 78]=309
[28, 52, 69, 70, 90]=309
[48, 54, 57, 60, 90]=309
[24, 53, 64, 82, 86]=309
[35, 43, 64, 83, 84]=309
[43, 45, 67, 71, 83]=309
[4, 58, 75, 84, 88]=309
[46, 54, 55, 70, 85]=310
[46, 47, 62, 67, 88]=310
[12, 58, 76, 78, 86]=310
[18, 44, 78, 81, 89]=310
[40, 43, 64, 75, 88]=310
[22, 67, 68, 72, 81]=310
[38, 56, 62, 70, 84]=310
[29, 42, 69, 85, 86]=311
[45, 56, 58, 66, 86]=311
[46, 52, 56, 67, 90]=311
[18, 62, 64, 78, 89]=311
[26, 58, 60, 77, 90]=311
[17, 40, 83, 84, 87]=311
[29, 55, 64, 77, 87]=312
[27, 57, 69, 76, 83]=312
[35, 41, 74, 79, 83]=312
[30, 54, 59, 84, 85]=312
[10, 69, 70, 76, 87]=312
[28, 48, 68, 80, 88]=312
[37, 52, 54, 81, 89]=313
[22, 59, 62, 80, 90]=313
[25, 49, 76, 78, 85]=313
[9, 62, 69, 83, 90]=313
[24, 61, 68, 75, 85]=313
[12, 57, 79, 82, 83]=313
[36, 60, 67, 70, 80]=313
[11, 52, 74, 86, 90]=313
[19, 65, 68, 78, 83]=313
[30, 48, 72, 76, 87]=313
[15, 64, 73, 79, 82]=313
[34, 59, 67, 75, 78]=313
[43, 56, 64, 69, 81]=313
[44, 49, 70, 72, 78]=313
[48, 55, 62, 69, 80]=314
[37, 50, 69, 77, 81]=314
[38, 47, 68, 78, 83]=314
[49, 59, 60, 72, 74]=314
[17, 58, 69, 83, 87]=314
[16, 61, 71, 77, 89]=314
[33, 59, 63, 76, 84]=315
[34, 45, 76, 77, 83]=315
[52, 55, 60, 67, 81]=315
[35, 55, 60, 79, 86]=315
[35, 48, 71, 78, 83]=315
[23, 59, 63, 81, 89]=315
[5, 69, 71, 81, 89]=315
[39, 56, 69, 75, 76]=315
[37, 45, 75, 77, 81]=315
[34, 45, 66, 84, 87]=316
[33, 52, 67, 77, 87]=316
[22, 53, 77, 78, 86]=316
[44, 59, 68, 72, 73]=316
[32, 58, 70, 76, 80]=316
[39, 55, 72, 74, 76]=316
[31, 57, 66, 80, 83]=317
[43, 50, 66, 78, 80]=317
[23, 50, 76, 79, 89]=317
[43, 51, 60, 79, 84]=317
[39, 50, 72, 75, 81]=317
[28, 50, 77, 78, 85]=318
[17, 70, 72, 75, 84]=318
[45, 48, 57, 78, 90]=318
[36, 49, 71, 73, 89]=318
[26, 50, 75, 78, 89]=318
[32, 57, 69, 73, 87]=318
[38, 52, 58, 84, 86]=318
[21, 57, 69, 85, 86]=318
[33, 54, 71, 76, 84]=318
[46, 47, 70, 77, 79]=319
[15, 56, 78, 82, 88]=319
[33, 40, 69, 88, 89]=319
[16, 58, 73, 83, 89]=319
[17, 54, 73, 86, 89]=319
[41, 60, 66, 68, 84]=319
[36, 55, 73, 74, 81]=319
[49, 61, 66, 69, 75]=320
[31, 40, 76, 84, 89]=320
[44, 49, 66, 72, 89]=320
[43, 52, 55, 81, 89]=320
[34, 68, 71, 72, 75]=320
[42, 45, 67, 78, 88]=320
[8, 67, 74, 85, 86]=320
[38, 49, 73, 78, 83]=321
[32, 34, 78, 88, 89]=321
[24, 52, 77, 80, 88]=321
[38, 64, 67, 74, 78]=321
[40, 50, 70, 73, 89]=322
[37, 64, 65, 72, 84]=322
[4, 74, 77, 78, 89]=322
[52, 55, 63, 66, 86]=322
[27, 56, 70, 80, 89]=322
[40, 62, 63, 75, 83]=323
[30, 33, 83, 88, 89]=323
[24, 55, 78, 79, 87]=323
[42, 51, 60, 80, 90]=323
[48, 51, 55, 81, 88]=323
[21, 67, 71, 78, 86]=323
[41, 59, 67, 72, 84]=323
[33, 55, 62, 86, 88]=324
[36, 61, 64, 75, 88]=324
[46, 52, 72, 75, 79]=324
[41, 53, 58, 82, 90]=324
[32, 36, 79, 87, 90]=324
[15, 70, 76, 77, 87]=325
[29, 43, 81, 85, 87]=325
[51, 52, 67, 68, 87]=325
[33, 34, 84, 86, 88]=325
[37, 58, 67, 78, 85]=325
[49, 51, 56, 81, 88]=325
[29, 55, 75, 81, 87]=327
[40, 59, 65, 76, 87]=327
[45, 55, 69, 75, 83]=327
[42, 54, 66, 75, 90]=327
[42, 60, 62, 74, 89]=327
[20, 61, 77, 83, 86]=327
[37, 50, 65, 87, 89]=328
[41, 65, 66, 75, 81]=328
[45, 47, 64, 83, 89]=328
[18, 64, 70, 86, 90]=328
[42, 65, 68, 75, 78]=328
[51, 61, 64, 74, 79]=329
[23, 60, 76, 84, 86]=329
[42, 52, 62, 83, 90]=329
[34, 64, 70, 74, 87]=329
[39, 55, 64, 85, 86]=329
[45, 49, 71, 78, 86]=329
[45, 56, 65, 81, 83]=330
[35, 60, 74, 77, 84]=330
[17, 69, 75, 80, 89]=330
[49, 53, 66, 79, 83]=330
[11, 61, 79, 89, 90]=330
[58, 63, 64, 66, 79]=330
[48, 59, 65, 68, 90]=330
[52, 54, 65, 72, 88]=331
[50, 53, 63, 79, 86]=331
[41, 47, 77, 82, 84]=331
[22, 66, 67, 87, 89]=331
[31, 64, 72, 75, 89]=331
[47, 55, 67, 78, 84]=331
[47, 52, 57, 85, 90]=331
[21, 54, 82, 84, 90]=331
[37, 61, 71, 77, 85]=331
[24, 56, 73, 89, 90]=332
[6, 75, 82, 83, 86]=332
[53, 57, 62, 77, 83]=332
[13, 69, 76, 86, 88]=332
[42, 66, 67, 72, 85]=332
[40, 54, 73, 81, 85]=333
[46, 64, 65, 77, 81]=333
[50, 56, 67, 78, 82]=333
[53, 55, 67, 79, 80]=334
[25, 66, 76, 77, 90]=334
[25, 64, 78, 79, 88]=334
[48, 54, 63, 82, 88]=335
[23, 65, 75, 84, 88]=335
[49, 54, 68, 80, 84]=335
[44, 62, 63, 82, 84]=335
[51, 59, 64, 75, 86]=335
[55, 67, 70, 71, 73]=336
[40, 58, 69, 82, 87]=336
[59, 64, 67, 73, 74]=337
[35, 57, 74, 84, 87]=337
[7, 74, 79, 87, 90]=337
[54, 59, 65, 73, 86]=337
[26, 66, 77, 82, 87]=338
[52, 54, 72, 77, 83]=338
[35, 64, 65, 86, 88]=338
[43, 59, 69, 82, 85]=338
[41, 50, 80, 83, 85]=339
[35, 59, 74, 83, 89]=340
[37, 62, 66, 85, 90]=340
[60, 61, 69, 71, 79]=340
[52, 58, 60, 83, 87]=340
[53, 61, 67, 76, 83]=340
[42, 62, 69, 78, 89]=340
[45, 54, 79, 81, 82]=341
[25, 58, 81, 88, 90]=342
[36, 42, 85, 89, 90]=342
[28, 75, 76, 81, 82]=342
[50, 58, 73, 76, 85]=342
[23, 69, 80, 83, 87]=342
[51, 64, 67, 73, 87]=342
[47, 60, 66, 81, 89]=343
[53, 57, 62, 82, 90]=344
[20, 71, 76, 87, 90]=344
[45, 50, 75, 86, 88]=344
[45, 67, 69, 76, 88]=345
[35, 59, 78, 85, 88]=345
[53, 61, 70, 75, 86]=345
[48, 56, 76, 79, 87]=346
[28, 75, 78, 82, 83]=346
[34, 68, 69, 87, 88]=346
[39, 62, 73, 83, 90]=347
[55, 69, 72, 73, 78]=347
[45, 57, 69, 86, 90]=347
[39, 74, 76, 78, 80]=347
[44, 71, 73, 76, 84]=348
[27, 69, 82, 84, 86]=348
[50, 53, 67, 88, 90]=348
[44, 50, 82, 85, 88]=349
[53, 60, 61, 85, 90]=349
[56, 67, 72, 75, 80]=350
[24, 75, 83, 84, 85]=351
[43, 61, 77, 82, 88]=351
[48, 70, 73, 78, 82]=351
[41, 55, 77, 88, 90]=351
[12, 79, 83, 88, 89]=351
[50, 67, 74, 75, 85]=351
[49, 53, 72, 88, 90]=352
[34, 69, 78, 85, 86]=352
[29, 75, 81, 82, 86]=353
[55, 61, 63, 86, 90]=355
[46, 65, 75, 84, 85]=355
[55, 68, 76, 78, 81]=358
[56, 63, 77, 80, 82]=358
[38, 68, 78, 85, 90]=359
[42, 69, 74, 85, 89]=359
[35, 75, 80, 84, 86]=360
[38, 64, 83, 85, 90]=360
[63, 68, 69, 75, 86]=361
[57, 59, 67, 88, 90]=361
[61, 65, 66, 83, 86]=361
[58, 59, 71, 85, 89]=362
[65, 67, 70, 71, 89]=362
[55, 61, 75, 81, 90]=362
[50, 71, 75, 79, 88]=363
[58, 66, 68, 83, 89]=364
[55, 72, 73, 77, 87]=364
[25, 82, 84, 85, 88]=364
[45, 67, 79, 86, 88]=365
[58, 64, 75, 80, 88]=365
[59, 68, 75, 80, 85]=367
[36, 79, 82, 85, 86]=368
[61, 65, 74, 83, 85]=368
[60, 69, 76, 77, 88]=370
[55, 77, 78, 80, 83]=373
[60, 73, 75, 82, 86]=376
[57, 74, 78, 83, 87]=379
[58, 75, 81, 82, 86]=382
[56, 77, 79, 85, 89]=386
[61, 78, 80, 81, 86]=386
